#Sensor Monitor 1.0#Sensor data: Acceleration
#Tue May 18 14:46:40 GMT+08:00 2021

#X(m/s²)	Y(m/s²)	Z(m/s²)
-0.23099258542060852	1.9792290925979614	9.211499214172363
-0.250098317861557	2.104321241378784	8.45186710357666
0.38629963994026184	2.027496099472046	7.6053924560546875
0.2785031199455261	2.4888014793395996	8.635157585144043
-0.8854236602783203	3.114358425140381	7.4831156730651855
-1.3900830745697021	1.6745716333389282	7.101000785827637
-2.0574429035186768	1.698983073234558	6.132086753845215
-2.8718738555908203	1.4095814228057861	2.6296379566192627
-6.43910026550293	-0.21388839185237885	4.367588996887207
-7.311882495880127	-2.816711187362671	9.68764877319336
-13.942988395690918	-4.254055500030518	8.774385452270508
-10.924397468566895	-6.247535228729248	8.05334758758545
-11.799697875976562	-8.243160247802734	3.674304723739624
-10.861994743347168	-7.950923442840576	6.086443901062012
-9.83423137664795	-5.840434551239014	3.4828929901123047
-9.449167251586914	-5.516518592834473	2.744138240814209
-6.917720317840576	-3.5706071853637695	1.486119270324707
-5.642931938171387	-3.6232123374938965	0.19473478198051453
-6.886739253997803	-5.576076507568359	-0.7709808349609375
-10.976255416870117	-7.702788352966309	-0.5309190154075623
-11.073307991027832	-12.930039405822754	-0.899616539478302
-10.996261596679688	-8.019991874694824	1.2602120637893677
-10.445164680480957	-6.69140100479126	-0.4052138328552246
-7.3226470947265625	-5.030246734619141	1.3823641538619995
-4.1967387199401855	-8.332185745239258	-0.34996524453163147
-6.2203369140625	-6.315502166748047	-0.37350502610206604
-4.236693382263184	-5.413328170776367	0.4033846855163574
-2.981642961502075	-3.4484164714813232	1.6229526996612549
-4.450916290283203	-4.040157794952393	0.2671833336353302
-4.738441467285156	-10.432398796081543	-1.421600341796875
-10.780716896057129	-14.092855453491211	-0.8040112257003784
-12.443039894104004	-14.833869934082031	0.5358989238739014
-11.701459884643555	-8.594541549682617	0.2602880299091339
-4.476841449737549	-6.2060770988464355	-0.5139105916023254
-4.38578462600708	-5.793431758880615	-1.0172101259231567
-4.2314066886901855	-6.318480491638184	-1.6316006183624268
-2.6921839714050293	-4.425882816314697	-1.364311933517456
-3.718597412109375	-3.8541572093963623	-1.171655297279358
-5.7149882316589355	-5.743478775024414	-0.6297420859336853
-8.6102294921875	-7.436208724975586	-1.1346791982650757
-9.10932445526123	-8.190285682678223	-0.38144421577453613
-9.205255508422852	-6.421354293823242	-0.8564633727073669
-10.257478713989258	-7.237154960632324	-1.026403784751892
-9.03945255279541	-7.386792182922363	1.2217323780059814
-6.883176803588867	-9.45079517364502	-0.8738453388214111
-5.803382396697998	-5.1772027015686035	0.4429655969142914
-4.148423671722412	-3.989429473876953	0.8250323534011841
-4.663205623626709	-4.87800407409668	-0.058025870472192764
-7.032172679901123	-10.289867401123047	-1.1300344467163086
-9.362123489379883	-14.468035697937012	0.1605551540851593
-7.642272472381592	-10.2269287109375	0.271971732378006
-6.0729594230651855	-8.947208404541016	0.3780157268047333
-4.476879596710205	-6.756226539611816	-0.9682822227478027
-2.5023140907287598	-4.691706657409668	-0.32976776361465454
-3.255099058151245	-2.2942965030670166	0.41839152574539185
-4.618692874908447	-2.870532989501953	-0.6834679841995239
-7.817375183105469	-8.15390396118164	-0.5738422870635986
-14.035125732421875	-12.165964126586914	-0.5862059593200684
-12.413188934326172	-12.11719799041748	0.6645441651344299
-10.87512493133545	-6.107991695404053	1.3743866682052612
-7.731700897216797	-4.2826714515686035	-0.42159977555274963
-6.525195598602295	-6.02772855758667	1.0114831924438477
-6.224790573120117	-6.694934844970703	0.3820379674434662
-6.8593974113464355	-6.561836242675781	1.2913174629211426
-4.636457920074463	-4.900537967681885	1.1125184297561646
-3.9895637035369873	-4.171761989593506	1.1661677360534668
-4.015181541442871	-5.082823276519775	0.22335028648376465
-5.406327724456787	-10.195871353149414	-0.4326322376728058
-7.717795372009277	-14.044378280639648	1.0435367822647095
-10.239531517028809	-14.797679901123047	0.19331742823123932
-10.93819808959961	-10.550864219665527	-1.7013674974441528
-7.277099609375	-6.4812188148498535	-1.4895286560058594
-4.269455432891846	-6.5315446853637695	-1.0587447881698608
-5.078005790710449	-6.426209926605225	-0.4238598942756653
-4.350915431976318	-4.361296653747559	0.23112665116786957
-3.2455320358276367	-3.7155330181121826	-0.9087623357772827
-4.502554893493652	-3.486647129058838	-1.6465882062911987
-7.793979167938232	-7.472571849822998	-1.6365039348602295
-11.919044494628906	-12.104259490966797	-2.7897238731384277
-9.513724327087402	-9.238448143005371	-0.00924161821603775
-8.636144638061523	-7.186368465423584	-1.7355185747146606
-7.1642560958862305	-4.924441814422607	0.3157185912132263
-5.932764530181885	-5.897263526916504	0.032216377556324005
-7.154975891113281	-6.202035427093506	-0.42245209217071533
-6.289424419403076	-7.321124076843262	0.6880648136138916
-5.227413654327393	-7.051431655883789	2.0553648471832275
-3.995309829711914	-5.899686336517334	2.1921117305755615
-4.609757900238037	-5.380891799926758	0.9428461790084839
-4.4677910804748535	-6.452622413635254	-0.5815132856369019
-6.040340900421143	-10.084588050842285	-0.8259038329124451
-9.413291931152344	-14.239333152770996	-0.849309504032135
-10.931368827819824	-13.365324020385742	-1.5184026956558228
-10.827346801757812	-10.57253646850586	-1.1348228454589844
-8.187154769897461	-5.50084114074707	0.1187140941619873
-5.824087619781494	-6.10379695892334	-2.36641001701355
-3.537567138671875	-6.637895584106445	-2.3687944412231445
-2.073618173599243	-5.933483123779297	-0.857852041721344
-1.4404666423797607	-4.055844783782959	-0.39332905411720276
-2.788536310195923	-4.309754371643066	-1.1574242115020752
-8.228449821472168	-8.460161209106445	-1.3191477060317993
-12.319297790527344	-11.553057670593262	-1.6464253664016724
-9.625811576843262	-10.007207870483398	0.6593248248100281
-9.015864372253418	-5.883923053741455	0.3591877222061157
-8.962329864501953	-5.5403361320495605	-0.7279713749885559
-7.884824275970459	-6.881912708282471	0.47855302691459656
-6.679210186004639	-7.192631721496582	1.529856562614441
-4.707527160644531	-5.986021518707275	0.920714259147644
-4.374666213989258	-4.923618316650391	1.178780436515808
-5.2684407234191895	-8.62871265411377	0.6016150116920471
-7.311892032623291	-13.692831993103027	-0.8434485197067261
-9.604914665222168	-13.645695686340332	1.5031468868255615
-8.007378578186035	-10.354204177856445	-0.14261780679225922
-4.430901527404785	-8.177443504333496	-0.8639524579048157
-5.337403297424316	-6.436179161071777	-1.270056962966919
-6.392757892608643	-6.716798782348633	-0.9758095741271973
-6.132747650146484	-5.309879779815674	-1.0468217134475708
-4.925246715545654	-3.593514919281006	-1.0536402463912964
-5.93794584274292	-2.452974557876587	-1.694510579109192
-6.939133644104004	-5.38576602935791	-1.6984754800796509
-8.735445976257324	-7.857961654663086	-1.1977711915969849
-10.376911163330078	-6.798623085021973	0.4354286789894104
-10.640473365783691	-9.594169616699219	1.0851384401321411
-8.72787094116211	-6.109341621398926	1.739828109741211
-6.946335792541504	-8.964111328125	2.0856847763061523
-4.98301362991333	-8.607442855834961	3.1583352088928223
-2.9490532875061035	-7.614614963531494	3.2950918674468994
-3.3982629776000977	-6.958431243896484	1.9125362634658813
-4.7377800941467285	-8.186742782592773	0.8333258628845215
-6.565083026885986	-8.411683082580566	0.9841222763061523
-7.209544658660889	-8.50338077545166	1.0488039255142212
-7.7565813064575195	-9.025853157043457	0.02078167162835598
-6.210827350616455	-8.985228538513184	0.16569790244102478
-5.755431175231934	-5.275613784790039	-0.31251993775367737
-5.300724029541016	-4.609556674957275	-0.4501003324985504
-5.490823745727539	-6.165816307067871	-0.15035586059093475
-5.0332441329956055	-6.751802444458008	0.8432665467262268
-6.119378566741943	-6.885245323181152	1.4399782419204712
-8.099727630615234	-11.11110782623291	1.0573465824127197
-7.927077293395996	-10.607586860656738	1.017851710319519
-8.319218635559082	-8.680456161499023	1.0454713106155396
-7.081129550933838	-6.760957717895508	0.8408819437026978
-5.811158657073975	-6.054878234863281	1.1844497919082642
-5.832610130310059	-7.235085964202881	0.6450936794281006
-6.926942825317383	-8.872269630432129	0.8928648829460144
-7.677630424499512	-10.336535453796387	0.47359225153923035
-8.368692398071289	-12.897353172302246	-0.171951562166214
-5.209936141967773	-11.351455688476562	-1.480938196182251
-5.326667785644531	-8.124157905578613	0.5505322813987732
-5.466785907745361	-8.098904609680176	-1.4683160781860352
-3.790107488632202	-5.638124465942383	-0.7440029978752136
-3.877093553543091	-3.7789504528045654	-0.06863696873188019
-4.015095233917236	-3.950509548187256	-1.6509361267089844
-6.183447360992432	-5.122969150543213	-1.0092709064483643
-9.242547988891602	-10.722355842590332	-1.0765384435653687
-11.625649452209473	-13.989760398864746	-0.6984364986419678
-10.674979209899902	-13.813864707946777	0.7638365626335144
-9.991243362426758	-2.1102206707000732	2.5731635093688965
-5.07710599899292	-5.513348579406738	-0.07815632224082947
-3.8422341346740723	-8.306366920471191	-0.7117770314216614
-5.405513763427734	-6.738288879394531	1.8321102857589722
-4.690308094024658	-5.363701343536377	2.8939483165740967
-4.242870330810547	-5.833922386169434	1.2656804323196411
-6.762346267700195	-8.271775245666504	0.20910000801086426
-7.156948566436768	-11.571637153625488	-0.6157886981964111
-8.447912216186523	-13.980931282043457	-1.363038182258606
-7.0659308433532715	-11.30859088897705	-0.9306262135505676
-4.885770797729492	-8.452719688415527	0.3399670720100403
-5.018668174743652	-8.000540733337402	-0.5936662554740906
-5.276648044586182	-7.217503070831299	-0.10350612550973892
-2.467694044113159	-4.82367467880249	0.5502929091453552
-2.405071258544922	-2.6521432399749756	-0.5133839249610901
-3.783844232559204	-2.541311025619507	-1.651740550994873
-7.7442946434021	-6.235660076141357	-0.7013095617294312
-13.153130531311035	-12.198217391967773	-2.5025057792663574
-11.341726303100586	-13.001530647277832	-0.8535041213035583
-9.88571548461914	-7.196309566497803	-0.2570606470108032
-8.67313003540039	-2.8897342681884766	-1.058830976486206
-9.151644706726074	-6.342479705810547	-0.8626500368118286
-7.259286403656006	-7.517841339111328	1.7274261713027954
-5.622284889221191	-5.6971755027771	1.7051695585250854
-4.067614555358887	-4.325250148773193	1.1939979791641235
-3.4864938259124756	-4.5950188636779785	0.3252187669277191
-5.023715496063232	-8.017251968383789	-0.15143804252147675
-6.628481388092041	-12.867406845092773	-0.20874565839767456
-10.07706069946289	-14.24662971496582	0.48723918199539185
-8.28119945526123	-12.542407989501953	-0.39216068387031555
-7.041682720184326	-6.100790023803711	1.097712755203247
-6.540231227874756	-5.844083309173584	-2.0547232627868652
-5.1306304931640625	-6.569536209106445	-1.0465726852416992
-3.9078447818756104	-5.569784641265869	-0.007671022322028875
-3.9220376014709473	-3.930647134780884	-1.1020032167434692
-4.9553751945495605	-4.08922004699707	-1.5979572534561157
-6.96290397644043	-5.937333106994629	-1.3441334962844849
-8.809330940246582	-7.995561122894287	-0.9162705540657043
-9.406196594238281	-9.255620002746582	0.45125913619995117
-9.590482711791992	-9.4249849319458	1.2298343181610107
-8.453734397888184	-6.620293617248535	1.9840271472930908
-6.075603008270264	-8.521557807922363	2.210116147994995
-4.232881546020508	-8.790244102478027	1.7652162313461304
-3.1569559574127197	-7.323230743408203	2.3262925148010254
-3.753600597381592	-6.07304573059082	1.2226613759994507
-4.565608501434326	-6.975353717803955	0.3755449056625366
-5.612889766693115	-8.420914649963379	0.28826186060905457
-7.215884208679199	-8.36422061920166	0.9478740096092224
-8.903691291809082	-8.5554780960083	-0.07338707149028778
-6.950501441955566	-9.028390884399414	-1.1380022764205933
-6.413223743438721	-6.524592399597168	-0.9526241421699524
-6.852684020996094	-8.022970199584961	-2.7221977710723877
-4.620800018310547	-8.660775184631348	-1.056542158126831
-4.15943717956543	-6.313078880310059	0.2132946401834488
-4.9926958084106445	-5.08917236328125	-0.11434707790613174
-5.197869300842285	-6.470148086547852	-0.9987077116966248
-6.4298014640808105	-7.109227657318115	0.6289855241775513
-7.343552589416504	-6.304220199584961	1.0773907899856567
-8.999631881713867	-10.342740058898926	0.5481189489364624
-8.635875701904297	-10.166058540344238	1.2727001905441284
-6.374351501464844	-10.362000465393066	0.5484445691108704
-5.398245334625244	-7.645078659057617	1.8672761917114258
-4.411527156829834	-6.072931289672852	1.2962591648101807
-3.812747001647949	-6.182614326477051	0.08477389812469482
-4.966780662536621	-8.056124687194824	-0.5446042418479919
-9.345019340515137	-9.613456726074219	-0.07293695956468582
-10.216710090637207	-11.028813362121582	0.7027460932731628
-7.580147743225098	-13.273348808288574	0.3348243236541748
-3.9342286586761475	-9.705777168273926	-1.241661787033081
-4.667190074920654	-5.879603862762451	-1.9970228672027588
-3.811138153076172	-6.41028356552124	-2.294919013977051
-2.9411330223083496	-4.8280510902404785	-0.12590627372264862
-3.039132595062256	-3.402783155441284	0.3106333017349243
-4.135437488555908	-3.9899370670318604	-0.325611412525177
-8.535778999328613	-9.342597007751465	-0.8791029453277588
-12.974562644958496	-14.740726470947266	-2.000049114227295
-10.757865905761719	-12.77953052520752	-1.0525389909744263
-8.644322395324707	-7.611291408538818	-0.4412418007850647
-4.753849983215332	-3.9988529682159424	0.7479198575019836
-6.403751850128174	-5.59079647064209	-1.0486794710159302
-5.642089366912842	-5.886691093444824	0.5815898776054382
-5.6277241706848145	-5.839611530303955	2.917689323425293
-4.483755588531494	-4.545602321624756	2.659891128540039
-4.280842304229736	-5.599769592285156	1.44940185546875
-4.844245433807373	-8.68370246887207	1.17251718044281
-8.096213340759277	-18.608739852905273	-0.8125633597373962
-11.26662540435791	-17.59610939025879	0.835442304611206
-6.624057292938232	-12.676924705505371	-0.032810140401124954
-6.073495864868164	-7.154793739318848	-0.052241481840610504
-4.863035678863525	-4.306239604949951	-0.12304281443357468
-4.953967094421387	-5.471258163452148	0.5178371071815491
-4.896113872528076	-5.916675567626953	0.49853023886680603
-3.6612801551818848	-5.5784993171691895	0.9633213877677917
-2.443215847015381	-4.188272953033447	-0.7307199239730835
-3.337996006011963	-2.387009620666504	-0.9582169651985168
-4.412102222442627	-4.842656135559082	-1.3249895572662354
-8.99677848815918	-9.856803894042969	-1.6906129121780396
-12.787910461425781	-14.370506286621094	-1.7626687288284302
-12.4511137008667	-12.235864639282227	-1.1849192380905151
-8.999421119689941	-8.779078483581543	-0.8546821475028992
-8.216536521911621	-3.1279191970825195	0.2717418968677521
-7.040533065795898	-6.1631059646606445	-0.09611283242702484
-5.3394622802734375	-7.413090229034424	0.1513231247663498
-5.272310256958008	-6.086750507354736	1.4497466087341309
-3.4386675357818604	-4.58236837387085	2.3855252265930176
-3.559019088745117	-5.2318572998046875	1.4959930181503296
-6.258433818817139	-10.276201248168945	-1.5616036653518677
-8.570819854736328	-16.4774227142334	-2.3047256469726562
-9.63853931427002	-14.23355770111084	-1.3802859783172607
-7.949056148529053	-5.179721355438232	-0.6606464385986328
-8.273690223693848	-6.777860164642334	-1.2579997777938843
-7.460303783416748	-5.806992530822754	-1.6549967527389526
-5.827017784118652	-5.53541374206543	0.2561604380607605
-4.6603522300720215	-3.693190097808838	0.03384443745017052
-4.362580299377441	-4.4526214599609375	-0.27608975768089294
-6.7425127029418945	-5.8306756019592285	-0.49603068828582764
-7.979443550109863	-7.806323051452637	0.07989929616451263
-9.79784870147705	-8.204919815063477	-0.4506174921989441
-8.444043159484863	-9.673446655273438	1.6872801780700684
-8.0277681350708	-8.72851276397705	2.9201502799987793
-6.679985523223877	-10.193581581115723	1.979411005973816
-4.9721150398254395	-8.685819625854492	4.077325344085693
-3.486436605453491	-6.763380527496338	3.716768264770508
-3.516766309738159	-7.132058620452881	1.8791227340698242
-4.041527271270752	-8.105215072631836	0.6103394627571106
-6.226935386657715	-9.272082328796387	-0.6146873235702515
-7.63629674911499	-7.665927410125732	0.456143319606781
-5.70077657699585	-8.65027904510498	-1.1830612421035767
-7.824030876159668	-9.521635055541992	-2.286750078201294
-7.711455345153809	-5.956620693206787	-2.904492139816284
-6.0322394371032715	-4.960738182067871	-0.053543925285339355
-4.970717430114746	-4.960718631744385	0.966845691204071
-4.907414436340332	-4.752365589141846	1.3091686964035034
-5.968993663787842	-6.477110385894775	1.1442848443984985
-9.688261985778809	-11.022521018981934	1.8769199848175049
-8.51973819732666	-12.090258598327637	3.651703357696533
-6.158978462219238	-11.199050903320312	1.6367241144180298
-6.191080093383789	-7.330681800842285	2.432518482208252
-4.423938751220703	-6.307620048522949	1.1278988122940063
-3.5779428482055664	-5.388237476348877	0.4363097548484802
-4.51476526260376	-5.722659111022949	0.1952710896730423
-6.988598346710205	-12.605730056762695	0.5386953949928284
-9.55835247039795	-18.430191040039062	-0.8746593594551086
-11.277886390686035	-12.122868537902832	0.18262970447540283
-6.243043899536133	-9.160435676574707	-1.008763313293457
-6.8675856590271	-4.2823166847229	-0.03113419935107231
-4.149908065795898	-5.2713518142700195	-0.8233563899993896
-2.956130266189575	-4.557860851287842	0.00364876352250576
-3.0555853843688965	-4.395304203033447	0.5901036858558655
-6.724421977996826	-8.361041069030762	-0.30740591883659363
-13.761871337890625	-10.237865447998047	2.011522054672241
-8.766005516052246	-8.613178253173828	1.7128597497940063
-8.108346939086914	-5.922345161437988	4.503493309020996
-4.603858470916748	-4.764681816101074	-3.6587135791778564
-3.9565043449401855	-8.085468292236328	-0.3352169692516327
-11.083544731140137	-7.001067161560059	1.599125623703003
-3.9116945266723633	-7.221668720245361	0.9392262101173401
-6.886700630187988	-2.3286867141723633	1.3135069608688354
-6.6212029457092285	-3.2581160068511963	0.2527798116207123
-6.486428737640381	-5.520339488983154	-1.5254991054534912
-9.58107852935791	-12.3651704788208	-0.9292758703231812
-11.134427070617676	-15.516275405883789	-2.334068775177002
-9.5884428024292	-10.958453178405762	0.9592896103858948
-9.469106674194336	-7.433594226837158	-1.5157978534698486
-7.629899501800537	-5.374178409576416	2.2099056243896484
-5.4197163581848145	-4.5011467933654785	-0.2126912921667099
-4.412111282348633	-3.3930819034576416	0.8060414791107178
-4.0294318199157715	-2.6244184970855713	0.5557133555412292
-8.170721054077148	-5.975525379180908	-0.7098329663276672
-12.671302795410156	-10.479440689086914	0.3865582346916199
-12.388873100280762	-9.303359985351562	-1.028922438621521
-8.610028266906738	-3.9158990383148193	1.1521185636520386
-8.620207786560059	-2.630068778991699	-1.0359424352645874
-8.645519256591797	-6.294959545135498	0.8455745577812195
-7.805604934692383	-6.018965721130371	0.8963891267776489
-6.253568649291992	-4.587146759033203	1.5575239658355713
-5.218967437744141	-4.313910961151123	0.326032817363739
-4.661788463592529	-4.955403804779053	0.7604080438613892
-5.495707988739014	-8.742082595825195	-0.23612575232982635
-9.759244918823242	-11.888906478881836	1.2210428714752197
-9.98025894165039	-14.20346736907959	-1.6995384693145752
-9.826626777648926	-9.01501178741455	0.8572869896888733
-7.932315826416016	-4.807422637939453	-0.31564196944236755
-7.270031929016113	-5.0551557540893555	-1.36929190158844
-6.840301036834717	-4.762134075164795	1.2977818250656128
-5.686918258666992	-5.279808521270752	0.027686547487974167
-5.298799514770508	-3.888806104660034	-0.1439872831106186
-4.907500267028809	-3.89143967628479	-0.6703286170959473
-5.9810895919799805	-3.78057861328125	-1.2106902599334717
-6.8400044441223145	-4.83400821685791	-0.42120712995529175
-8.541275978088379	-5.822325229644775	0.039916131645441055
-10.970030784606934	-10.261577606201172	-0.27771782875061035
-9.196741104125977	-7.424678325653076	3.2690813541412354
-6.647434234619141	-9.683579444885254	1.4352856874465942
-6.572926044464111	-6.745950698852539	2.7444159984588623
-5.138062000274658	-5.831173896789551	2.2523980140686035
-4.970372200012207	-6.09953498840332	0.4541800618171692
-6.249881267547607	-7.6640214920043945	1.538054347038269
-7.862558364868164	-8.62717056274414	2.0179288387298584
-8.746411323547363	-8.888559341430664	1.0583041906356812
-6.272549629211426	-6.933904647827148	1.0149883031845093
-7.090610504150391	-7.285737991333008	-0.20253989100456238
-7.254402160644531	-8.695051193237305	-1.121894121170044
-5.904407501220703	-7.59775972366333	-0.8644504547119141
-5.67553186416626	-4.748055934906006	-0.24587494134902954
-5.108517646789551	-4.658896446228027	-0.8248408436775208
-4.360128402709961	-4.466765880584717	-0.39655643701553345
-7.520484447479248	-6.458665370941162	-1.8930281400680542
-12.023441314697266	-10.541651725769043	0.8421556353569031
-11.736932754516602	-10.696412086486816	1.0277541875839233
-9.488652229309082	-10.1469144821167	2.0653915405273438
-6.8618011474609375	-5.061734676361084	1.7863521575927734
-4.073312759399414	-8.295132637023926	1.600993037223816
-4.378190517425537	-6.304479122161865	2.02089786529541
-3.25795316696167	-4.802921772003174	2.803706169128418
-5.208193302154541	-4.8465728759765625	1.4314453601837158
-7.722602844238281	-9.301196098327637	-0.6506770253181458
-11.30947208404541	-14.595340728759766	-0.34045547246932983
-11.576942443847656	-13.220820426940918	0.13758040964603424
-9.400890350341797	-7.372014999389648	-0.360787034034729
-5.8628926277160645	-5.332385063171387	0.6767450571060181
-3.5980637073516846	-5.262110233306885	-0.06656838208436966
-4.108564853668213	-4.9798054695129395	-1.0940639972686768
-2.655226945877075	-3.432749032974243	0.029094340279698372
-3.176942825317383	-3.5272433757781982	-0.3608732223510742
-8.056479454040527	-7.036070346832275	-1.3125109672546387
-12.026247024536133	-10.635416984558105	-0.8208281397819519
-12.323799133300781	-11.4451265335083	-1.7156082391738892
-10.18567180633545	-9.334724426269531	0.46667778491973877
-7.380030632019043	-3.274951934814453	0.9333747625350952
-6.48701286315918	-4.505427837371826	0.4278821349143982
-5.867326736450195	-5.745662689208984	0.7544608116149902
-4.5238728523254395	-3.8621249198913574	1.7123521566390991
-4.2355055809021	-3.6918399333953857	0.7381802797317505
-5.463166236877441	-6.721175193786621	-0.020207062363624573
-8.162896156311035	-10.898032188415527	-0.7703966498374939
-11.708230018615723	-15.65450668334961	-1.0214430093765259
-10.509185791015625	-13.018912315368652	-0.4249325096607208
-6.4423370361328125	-4.090110778808594	0.10350612550973892
-5.220020294189453	-6.330231189727783	-0.6422110795974731
-4.994524955749512	-4.904819011688232	0.1378006786108017
-4.411910057067871	-3.4060583114624023	0.020800825208425522
-2.9190011024475098	-2.6552176475524902	-0.9946854710578918
-4.394997596740723	-3.6507363319396973	-1.5671199560165405
-9.439350128173828	-6.928685665130615	-0.37788164615631104
-12.271223068237305	-10.265522003173828	-0.6145436763763428
-10.72886848449707	-10.639602661132812	-0.22143492102622986
-9.922337532043457	-5.794437408447266	1.539682388305664
-7.594005584716797	-5.126751899719238	1.827637791633606
-6.403186798095703	-7.000138282775879	0.6166985034942627
-5.673511028289795	-6.4617109298706055	1.1023095846176147
-4.042226791381836	-5.114618301391602	1.9399259090423584
-3.5736238956451416	-3.8859331607818604	1.0556801557540894
-3.835089921951294	-4.431217193603516	0.876689612865448
-6.398293495178223	-8.756342887878418	-0.2237142026424408
-10.254030227661133	-12.074102401733398	0.589720606803894
-10.398180961608887	-10.977740287780762	0.2969863712787628
-8.654263496398926	-7.179339408874512	0.4051084816455841
-4.959062099456787	-4.731832981109619	-1.7620176076889038
-6.098529815673828	-5.562429904937744	-0.10927136242389679
-5.952799320220947	-5.252351760864258	0.03857537731528282
-5.543716907501221	-3.7630722522735596	0.5985312461853027
-5.2792816162109375	-3.8326478004455566	-0.12880805134773254
-5.7260589599609375	-4.79982852935791	1.0354156494140625
-6.239988803863525	-6.23309326171875	1.9392554759979248
-8.419670104980469	-10.483156204223633	0.5326236486434937
-9.096940994262695	-10.033342361450195	0.9376651644706726
-8.546073913574219	-9.245132446289062	1.1950992345809937
-6.0056633949279785	-7.395689010620117	3.0105459690093994
-3.739034414291382	-6.3289289474487305	1.5616133213043213
-3.2894606590270996	-7.053825855255127	0.5667170882225037
-4.1342692375183105	-9.471673011779785	1.0336822271347046
-8.041845321655273	-10.09189510345459	1.3767330646514893
-9.519288063049316	-9.349692344665527	1.3949673175811768
-7.048979759216309	-7.5856451988220215	2.1411728858947754
-6.348397731781006	-9.164592742919922	-2.2850260734558105
-4.263489246368408	-7.963718414306641	-1.4646193981170654
-4.049083709716797	-5.2533674240112305	-1.19134521484375
-4.850605010986328	-4.829506874084473	-0.33183637261390686
-7.146873950958252	-5.282586097717285	-0.235675647854805
-8.732093811035156	-7.416163921356201	0.6752893924713135
-9.808239936828613	-11.667088508605957	1.278379201889038
-7.854063987731934	-10.137615203857422	2.188444137573242
-6.853210926055908	-8.790397644042969	2.070333242416382
-4.495199680328369	-8.338890075683594	-0.9848883748054504
-3.7677838802337646	-6.582206726074219	0.7691037654876709
-2.553598165512085	-4.896745681762695	0.5351806879043579
-4.9568305015563965	-5.261105060577393	0.29574134945869446
-7.558236122131348	-10.403467178344727	-0.5555984377861023
-11.56370735168457	-14.716851234436035	-0.9056785702705383
-11.0144681930542	-15.046045303344727	-1.4125503301620483
-9.451159477233887	-6.729918956756592	-0.0021739350631833076
-6.868466854095459	-4.917670726776123	0.7889469265937805
-5.3865227699279785	-4.442163467407227	-0.16492219269275665
-3.8126513957977295	-4.048154354095459	0.27502673864364624
-3.229825973510742	-2.312425374984741	-0.9659454226493835
-3.318631649017334	-2.6309309005737305	0.4677886962890625
-4.4541730880737305	-4.601665019989014	0.5822698473930359
-10.31577205657959	-8.395545959472656	-0.6158748865127563
-13.203849792480469	-11.401840209960938	-0.6616519689559937
-12.606046676635742	-11.437378883361816	-1.652382254600525
-9.577122688293457	-7.950904369354248	1.4864065647125244
-6.289816856384277	-4.540584564208984	0.7746966481208801
-5.819797039031982	-5.588411808013916	1.2153446674346924
-5.965258598327637	-4.115450859069824	0.4486159384250641
-4.728940963745117	-2.2766366004943848	1.7364187240600586
-3.6708474159240723	-4.1264543533325195	0.3474273979663849
-6.948825836181641	-7.831203937530518	0.4960498511791229
-11.295326232910156	-15.301074981689453	-0.962421178817749
-10.700577735900879	-15.484087944030762	0.47231853008270264
-7.5932297706604	-9.011833190917969	-0.31195488572120667
-4.3038458824157715	-6.897034168243408	0.9334896802902222
-4.490411758422852	-6.434608459472656	0.25258827209472656
-4.339404106140137	-4.853381633758545	0.3006925582885742
-4.085168838500977	-3.302983045578003	0.05384080857038498
-4.884190559387207	-3.738316059112549	-1.1737333536148071
-9.042229652404785	-5.951976299285889	-1.4977167844772339
-12.524279594421387	-10.019495010375977	-0.840757429599762
-9.695741653442383	-10.058070182800293	-1.0862972736358643
-8.590903282165527	-6.775408744812012	0.7767652273178101
-6.99982213973999	-3.59435772895813	0.7022959589958191
-6.750949859619141	-6.344710826873779	-0.09316317737102509
-6.103940486907959	-7.073803424835205	0.12295661866664886
-5.491676330566406	-5.736066818237305	2.036191940307617
-4.261439323425293	-4.774249076843262	2.014270544052124
-4.9316630363464355	-4.012796878814697	1.015007495880127
-6.242162704467773	-7.675839424133301	-0.09825804084539413
-8.915106773376465	-9.678837776184082	-0.7897322177886963
-9.365743637084961	-10.17795181274414	0.4711022973060608
-8.205828666687012	-9.18918514251709	-0.32999762892723083
-7.173104763031006	-5.274120330810547	0.6763524413108826
-6.785675525665283	-5.909924507141113	-0.12352165579795837
-6.031224250793457	-4.718482971191406	0.47598645091056824
-5.16835355758667	-3.889754056930542	-0.1679101586341858
-5.954475402832031	-4.213412284851074	-0.3964606523513794
-6.094191551208496	-5.1905717849731445	-0.537775993347168
-7.135085105895996	-4.125649929046631	-0.6466547250747681
-7.013306140899658	-4.2152791023254395	-0.8569039106369019
-10.742562294006348	-9.44005012512207	-0.44029369950294495
-9.264325141906738	-9.005483627319336	2.0088884830474854
-8.856975555419922	-9.725438117980957	1.5245318412780762
-8.055693626403809	-7.37199592590332	1.0856460332870483
-5.948997497558594	-6.049209117889404	1.8154082298278809
-3.4655590057373047	-5.602278709411621	1.863273024559021
-4.508846759796143	-8.23705005645752	0.8828379511833191
-8.661541938781738	-10.039146423339844	-0.6349135637283325
-9.791154861450195	-9.307602882385254	0.7935629487037659
-6.662603378295898	-7.772852420806885	3.4382174015045166
-6.819309234619141	-8.072702407836914	-1.7195826768875122
-4.143348217010498	-6.460935115814209	-1.7546337842941284
-3.404200553894043	-4.785492420196533	-1.5255182981491089
-6.204171180725098	-4.557563781738281	-0.6779612898826599
-8.712250709533691	-6.456539630889893	-1.9652183055877686
-10.39089298248291	-7.9657673835754395	-0.4344039559364319
-9.890628814697266	-11.119420051574707	0.15352578461170197
-9.229973793029785	-7.5673723220825195	1.6139122247695923
-8.100302696228027	-5.873091697692871	0.6811695694923401
-6.336523056030273	-5.666740417480469	0.08198704570531845
-4.332039833068848	-4.668750762939453	1.8605915307998657
-3.5756635665893555	-3.799349069595337	1.1357805728912354
-5.959877014160156	-4.266592025756836	0.8468578457832336
-8.351770401000977	-10.037575721740723	-0.4017949104309082
-11.95150089263916	-15.66452407836914	1.0934510231018066
-11.771686553955078	-15.306524276733398	-0.643752932548523
-7.328134059906006	-8.28865909576416	0.909164547920227
-6.180401802062988	-5.650861740112305	0.09550949186086655
-5.796630382537842	-5.276082992553711	-0.9208387136459351
-5.195207118988037	-4.250100612640381	0.7465408444404602
-3.7572972774505615	-2.0440351963043213	-0.2900431752204895
-3.493896722793579	-1.7568556070327759	-0.5189767479896545
-7.309057235717773	-4.898890972137451	-1.151199221611023
-10.387694358825684	-10.861593246459961	-0.48246994614601135
-11.029129981994629	-10.959171295166016	0.5616222620010376
-9.305390357971191	-8.511215209960938	0.5737752318382263
-10.360793113708496	-4.0863471031188965	2.833556890487671
-9.176774024963379	-5.548361301422119	1.1738100051879883
-7.095791339874268	-5.624889850616455	-0.2584875822067261
-4.784074783325195	-4.2018046379089355	0.6096020340919495
-3.918149471282959	-4.541820049285889	0.692355215549469
-6.128026485443115	-7.952791213989258	-0.7995005249977112
-8.271697998046875	-11.480264663696289	0.23420080542564392
-9.624441146850586	-14.302271842956543	-0.7610496878623962
-9.507892608642578	-10.507892608642578	-0.07995675504207611
-7.61438512802124	-5.146106719970703	2.422041416168213
-6.114973068237305	-5.766051769256592	-0.8386218547821045
-5.583871841430664	-4.685002326965332	-0.025866955518722534
-3.540574312210083	-3.260730266571045	0.03922659903764725
-3.0487477779388428	-2.751713275909424	-0.905458390712738
-5.775906085968018	-3.5349814891815186	-1.4592372179031372
-10.027003288269043	-8.176322937011719	-1.126098394393921
-13.27061939239502	-11.853750228881836	-1.0865174531936646
-10.716714859008789	-11.250171661376953	-0.8561569452285767
-9.711112022399902	-6.5108208656311035	0.7163834571838379
-8.306146621704102	-4.239911079406738	0.3754970133304596
-6.678529739379883	-5.748880386352539	0.3897760212421417
-5.605860233306885	-6.498658180236816	1.6040863990783691
-3.9344491958618164	-5.856906890869141	1.8886420726776123
-3.794570207595825	-4.236089706420898	1.6220811605453491
-3.57888126373291	-4.787273406982422	1.0770268440246582
-6.310924530029297	-6.690721035003662	0.5149927735328674
-9.687495231628418	-10.793798446655273	0.8675150275230408
-9.59437084197998	-10.508275032043457	0.7250983119010925
-8.715104103088379	-8.762730598449707	-0.7322331070899963
-6.989124774932861	-4.5404791831970215	1.021280288696289
-6.446292400360107	-5.138062000274658	0.050441041588783264
-5.860574722290039	-5.549663543701172	-0.2980397939682007
-4.810688495635986	-4.904886245727539	0.4591217041015625
-4.954493999481201	-4.516345500946045	0.35014721751213074
-6.5478835105896	-5.401347637176514	0.493770569562912
-7.435509204864502	-5.951152324676514	0.46048158407211304
-7.549588203430176	-6.5615105628967285	0.19437086582183838
-9.021553039550781	-9.062350273132324	-0.3887321650981903
-8.00019645690918	-9.130029678344727	0.9633597135543823
-7.203980445861816	-8.629996299743652	0.6285449862480164
-5.955222129821777	-6.563215255737305	2.1699607372283936
-4.6962361335754395	-5.419581890106201	1.3674626350402832
-5.345495700836182	-6.014378547668457	0.5868476033210754
-6.921771049499512	-7.800711631774902	1.255021333694458
-8.576691627502441	-9.508026123046875	1.7436013221740723
-9.523426055908203	-10.477418899536133	0.3149620294570923
-5.727591514587402	-7.031961917877197	2.1184279918670654
-7.184798240661621	-8.493468284606934	-0.7650623917579651
-5.204458236694336	-7.658026218414307	-1.1709275245666504
-3.6850595474243164	-5.783242225646973	0.20249199867248535
-4.909914016723633	-6.016944885253906	-0.6848949193954468
-7.4548258781433105	-7.043300628662109	-0.1446768194437027
-7.6622209548950195	-8.382234573364258	0.20325814187526703
-8.585061073303223	-9.220348358154297	0.7288907766342163
-9.39462661743164	-12.36850357055664	0.10976935923099518
-8.621146202087402	-6.875936508178711	2.490400552749634
-6.087822914123535	-6.710468769073486	-0.5671288967132568
-5.028349876403809	-4.7706379890441895	0.7186914682388306
-3.525069236755371	-3.7332212924957275	1.4464329481124878
-4.708532810211182	-4.254525184631348	0.6715735197067261
-9.263530731201172	-10.772710800170898	0.17940232157707214
-14.554486274719238	-17.214252471923828	-1.6991554498672485
-10.007399559020996	-12.602340698242188	-0.03000413440167904
-5.911341190338135	-6.561549186706543	-0.31964507699012756
-5.622361183166504	-5.464841842651367	0.7061075568199158
-4.11152458190918	-5.4813618659973145	0.08276276290416718
-5.169320583343506	-4.053191661834717	0.4826040267944336
-2.3867509365081787	-3.9874088764190674	-0.6198204755783081
-3.077554702758789	-4.169923782348633	-1.1655739545822144
-6.520426273345947	-5.235678672790527	-1.2561897039413452
-13.709609985351562	-10.249175071716309	-0.958092451095581
-14.013090133666992	-10.207496643066406	-0.9275233149528503
-10.778322219848633	-8.74943733215332	-0.21359151601791382
-7.873629570007324	-4.532118797302246	1.4979945421218872
-8.55009651184082	-3.8715295791625977	-0.6218699216842651
-6.664921283721924	-6.647338390350342	1.9219118356704712
-4.2943549156188965	-5.016800880432129	1.8507370948791504
-3.6364190578460693	-3.539501667022705	2.441290855407715
-3.4958791732788086	-4.04105806350708	-0.3184192478656769
-7.638116359710693	-7.832668781280518	-1.3370275497436523
-14.647621154785156	-15.073769569396973	1.1186094284057617
-13.722578048706055	-10.06464958190918	-0.22622333467006683
-6.893662929534912	-6.642693519592285	-1.134008765220642
-4.706885814666748	-7.083935260772705	-0.030818164348602295
-4.032592296600342	-7.299968719482422	1.5797996520996094
-5.288236141204834	-5.480777740478516	-0.29079973697662354
-3.416870594024658	-4.256938457489014	0.13110649585723877
-3.656874895095825	-3.172049045562744	-0.1907316893339157
-5.558445930480957	-3.9774200916290283	-1.4884082078933716
-11.645770072937012	-7.687992095947266	-1.490323543548584
-13.145517349243164	-9.1050443649292	-1.3509714603424072
-10.21034049987793	-7.918132781982422	-1.0137816667556763
-9.550202369689941	-5.4386115074157715	0.8565400242805481
-8.01290512084961	-3.6277997493743896	1.3143783807754517
-6.047638893127441	-7.019608020782471	0.32276710867881775
-6.489263534545898	-7.048587322235107	1.4635275602340698
-5.474246501922607	-5.865516662597656	2.7403361797332764
-4.127201557159424	-4.292832374572754	2.0222768783569336
-4.843326091766357	-4.380737781524658	0.45560699701309204
-6.107589244842529	-6.979653358459473	-0.3980312645435333
-11.164382934570312	-9.877498626708984	-0.8608686923980713
-10.357584953308105	-10.423559188842773	0.8787199258804321
-8.656734466552734	-8.34501838684082	-0.11002793163061142
-6.374293804168701	-4.444356441497803	0.770377516746521
-5.223362922668457	-5.10988712310791	-0.10304643958806992
-5.424274444580078	-5.574955940246582	-0.2063801884651184
-5.7317376136779785	-5.0119547843933105	-0.40628644824028015
-6.078677177429199	-4.1737542152404785	0.38870343565940857
-6.106937885284424	-4.700756549835205	-0.8437358140945435
-6.8705735206604	-4.891746520996094	-0.910984218120575
-7.751620769500732	-5.601168155670166	0.18630720674991608
-8.880880355834961	-10.157946586608887	0.5274330377578735
-8.806525230407715	-7.677036762237549	1.9294391870498657
-7.63766622543335	-8.398773193359375	0.4070621728897095
-6.688413143157959	-6.094038009643555	1.6744089126586914
-4.5555338859558105	-6.315511226654053	2.1771912574768066
-4.688526630401611	-6.714643955230713	0.8859025239944458
-6.241788864135742	-7.860020637512207	1.2510182857513428
-8.516463279724121	-9.498430252075195	0.8234137892723083
-8.620773315429688	-9.46399211883545	0.3927161395549774
-6.487367153167725	-6.417140483856201	1.0737707614898682
-7.747225284576416	-7.2344441413879395	-2.697556734085083
-5.928857326507568	-7.008872032165527	-0.810877799987793
-5.336675643920898	-4.962423324584961	0.07090667635202408
-5.9935102462768555	-5.716185092926025	-0.4914817214012146
-7.73971700668335	-6.158260345458984	-0.3364332318305969
-7.8633246421813965	-7.333095073699951	0.09086474776268005
-9.85379695892334	-8.828312873840332	1.3787728548049927
-9.109429359436035	-9.982787132263184	1.7711538076400757
-9.790609359741211	-6.356969356536865	3.075026273727417
-5.373201847076416	-8.391629219055176	1.0730907917022705
-4.684274673461914	-6.957789421081543	0.6551206111907959
-3.2918357849121094	-6.731776714324951	0.7589619159698486
-3.9547231197357178	-5.787637710571289	0.6564900875091553
-5.006467342376709	-5.736708641052246	0.5766865611076355
-4.770533084869385	-4.249018669128418	0.051982905715703964
-9.48414134979248	-6.316555023193359	-0.40683233737945557
-15.639394760131836	-11.32587718963623	0.9333364367485046
-16.55366325378418	-12.476012229919434	-0.9072588086128235
-10.729557991027832	-5.658149719238281	0.35494518280029297
-7.452259063720703	-5.94666051864624	-0.5478125214576721
-4.519391059875488	-5.275144577026367	1.919105887413025
-4.195532321929932	-5.697395324707031	0.06438487023115158
-3.11749005317688	-4.276187896728516	0.2784169316291809
-2.2332539558410645	-3.7287585735321045	-0.27291983366012573
-4.967872619628906	-4.516048908233643	-0.6354498863220215
-10.851823806762695	-9.693625450134277	-1.42621648311615
-13.50948429107666	-10.506877899169922	0.4566029906272888
-8.791297912597656	-7.299030303955078	-0.35835450887680054
-6.054840564727783	-6.176743507385254	1.1859246492385864
-7.296109199523926	-5.73571252822876	0.06773675233125687
-6.1330156326293945	-7.105827808380127	1.1116374731063843
-5.098260879516602	-5.700920104980469	1.3772310018539429
-3.113802909851074	-4.430996894836426	0.9987651705741882
-3.7956717014312744	-3.550936222076416	-0.1656212955713272
-7.360369682312012	-8.178851127624512	-1.7041162252426147
-14.437936782836914	-12.990200996398926	0.1462186872959137
-11.621148109436035	-11.02518367767334	-0.45388317108154297
-6.558504104614258	-6.036318778991699	-0.3024834394454956
-4.79287576675415	-6.180105209350586	-0.0018387469463050365
-4.333265781402588	-7.795386791229248	-1.066415786743164
-5.662928581237793	-6.339147090911865	0.42816945910453796
-3.4322316646575928	-4.8068389892578125	0.23330058157444
-4.520674228668213	-3.549375295639038	-0.6895396709442139
-4.467532634735107	-3.3804500102996826	-0.830586850643158
-7.297670364379883	-5.529849052429199	-1.1217888593673706
-13.281412124633789	-7.77227783203125	-2.43525767326355
-11.762693405151367	-7.1551384925842285	0.25127625465393066
-10.093830108642578	-11.035364151000977	-1.7595083713531494
-8.831281661987305	-5.072106838226318	3.8141837120056152
-6.3104071617126465	-5.883204460144043	0.447054922580719
-6.741248607635498	-6.051488399505615	1.2612080574035645
-4.949456691741943	-5.873177528381348	0.29332801699638367
-5.304976463317871	-3.4547181129455566	1.528975486755371
-4.018064022064209	-3.7728116512298584	1.5745131969451904
-6.619996547698975	-5.689753532409668	0.15171577036380768
-8.99851131439209	-10.302020072937012	0.571007490158081
-9.45934772491455	-9.773686408996582	1.3295767307281494
-8.70600700378418	-9.42057991027832	0.3260902762413025
-5.881643772125244	-5.546484470367432	-0.1583046168088913
-6.398350715637207	-5.656282424926758	-0.4585566818714142
-6.317982196807861	-6.631526947021484	0.047884032130241394
-3.743746042251587	-5.603829860687256	0.6403532028198242
-4.705046653747559	-4.515081405639648	-0.38199007511138916
-6.14519739151001	-4.577656269073486	0.014451401308178902
-6.494540214538574	-5.101459503173828	0.3933386206626892
-8.752559661865234	-7.728847026824951	-0.4472464621067047
-9.595270156860352	-8.819952011108398	1.5513948202133179
-8.22678279876709	-8.926675796508789	1.2854852676391602
-7.587541103363037	-6.851994514465332	1.782148003578186
-5.825514316558838	-5.598304271697998	1.4958301782608032
-5.17802619934082	-5.103978633880615	0.9874932765960693
-5.7400221824646	-5.662171840667725	1.8566076755523682
-7.482090950012207	-7.887946128845215	1.0638874769210815
-8.226888656616211	-8.11575984954834	1.598177433013916
-9.614874839782715	-7.255072593688965	0.973463237285614
-7.039058208465576	-7.6510162353515625	0.36154359579086304
-5.432328701019287	-7.340334892272949	1.8713080883026123
-6.977967739105225	-8.802827835083008	-1.4838112592697144
-6.78289794921875	-7.746640682220459	-0.13229399919509888
-6.036022186279297	-5.99839448928833	0.7905749678611755
-5.468672752380371	-5.932419776916504	-0.21688593924045563
-5.291616916656494	-5.979920864105225	-0.6650230884552002
-6.787130832672119	-6.080448627471924	-0.4580778181552887
-8.830782890319824	-7.247162818908691	-0.4060661792755127
-9.314929008483887	-7.83123254776001	0.555406928062439
-9.061535835266113	-12.541440963745117	0.12008357793092728
-7.952082633972168	-6.3868489265441895	1.3608067035675049
-6.267349720001221	-6.450525283813477	0.8674001693725586
-3.938231945037842	-6.373891830444336	-0.009921572171151638
-3.472349166870117	-4.230113983154297	1.2192137241363525
-3.9253320693969727	-4.438045501708984	0.7723119854927063
-7.3122944831848145	-5.985973834991455	1.1667232513427734
-12.221068382263184	-9.699007034301758	-0.3386358916759491
-15.532565116882324	-16.512187957763672	-1.2359061241149902
-11.894068717956543	-11.27902603149414	-0.9527294635772705
-4.754970550537109	-3.6953065395355225	1.2861268520355225
-4.67128849029541	-5.956984519958496	-0.5102905631065369
-3.8628530502319336	-5.281963348388672	-0.5985216498374939
-4.376591205596924	-5.1675872802734375	-1.5535591840744019
-4.9351582527160645	-4.446271896362305	-0.24348074197769165
-4.7300615310668945	-5.243741989135742	-1.5358325242996216
-9.637140274047852	-6.790999889373779	-1.1076725721359253
-10.766331672668457	-7.884814739227295	-1.3482420444488525
-8.457795143127441	-7.276515007019043	0.018148047849535942
-8.66408920288086	-5.787456035614014	0.5341750979423523
-8.49863052368164	-5.083627223968506	0.39069539308547974
-6.065547466278076	-6.569230079650879	0.7165462374687195
-6.798010349273682	-6.089211463928223	-0.058428097516298294
-4.632445335388184	-4.956255912780762	1.0381641387939453
-3.796801805496216	-4.727609634399414	0.7239395976066589
-5.440248489379883	-7.350103378295898	-0.32850363850593567
-12.29306697845459	-14.930634498596191	-0.9351464509963989
-12.591269493103027	-15.068157196044922	-0.5457247495651245
-7.5751776695251465	-5.5148138999938965	0.40801987051963806
-2.6705691814422607	-5.9382524490356445	-0.6236416697502136
-3.1273159980773926	-4.964856147766113	-0.18292659521102905
-4.286722183227539	-5.521430969238281	0.2918531894683838
-4.858850479125977	-4.870601177215576	-0.07638461142778397
-4.279692649841309	-5.088310718536377	-0.6538277864456177
-6.752165794372559	-7.373068809509277	-1.8793046474456787
-10.829750061035156	-10.203082084655762	-1.5137962102890015
-8.7392578125	-9.695502281188965	-0.46511679887771606
-8.092334747314453	-5.932860374450684	0.502811074256897
-6.258251667022705	-5.251288414001465	0.6872316002845764
-7.094029426574707	-6.1711506843566895	-0.1939973682165146
-5.117816925048828	-8.53915023803711	0.7632810473442078
-6.117875099182129	-7.888147354125977	2.008620262145996
-5.7590413093566895	-5.90381383895874	2.2939229011535645
-4.392613410949707	-4.5409674644470215	1.8438225984573364
-4.954417705535889	-5.37629508972168	0.3223266005516052
-6.1303534507751465	-9.113375663757324	-0.17856913805007935
-8.662949562072754	-10.756708145141602	0.8768907189369202
-8.913393020629883	-9.035593032836914	0.15767253935337067
-6.625550746917725	-8.759666442871094	-0.04852567985653877
-5.3724446296691895	-5.16862154006958	0.7793030738830566
-4.931835651397705	-6.67071533203125	-0.8750711679458618
-6.71458625793457	-6.166860580444336	-0.3940185606479645
-6.32889986038208	-6.503676891326904	-0.2579129934310913
-5.070392608642578	-6.294979095458984	-1.3878421783447266
-4.900633811950684	-5.493572235107422	-1.5153764486312866
-5.647461891174316	-5.530375957489014	-1.1136102676391602
-7.241454601287842	-5.027162551879883	-1.9338349103927612
-6.570580005645752	-5.761330604553223	-0.9546065330505371
-8.737610816955566	-7.446015357971191	-0.8473559021949768
-6.740549087524414	-9.45063304901123	2.5514912605285645
-8.461223602294922	-9.507394790649414	-0.8040687441825867
-5.998365879058838	-8.590625762939453	0.5308615565299988
-4.669181823730469	-6.336628437042236	1.84189772605896
-5.699665546417236	-5.911638259887695	0.47206956148147583
-6.129712104797363	-6.704032897949219	0.8663275241851807
-6.094057083129883	-7.660429954528809	1.0589649677276611
-8.878495216369629	-10.574040412902832	-0.3203633427619934
-7.306806564331055	-7.594005584716797	1.031383752822876
-9.0728178024292	-5.866905212402344	1.4578485488891602
-7.357410430908203	-7.948826313018799	-0.8948281407356262
-6.026425838470459	-6.5072197914123535	0.361917108297348
-5.193282127380371	-5.7436418533325195	1.1922166347503662
-6.211871147155762	-6.014761447906494	-0.008188169449567795
-7.616338729858398	-7.149795055389404	0.24648785591125488
-7.799696445465088	-7.457239151000977	0.6166505813598633
-8.984586715698242	-10.072617530822754	0.8029577732086182
-7.965777397155762	-8.176668167114258	2.465960741043091
-8.55981731414795	-7.313175201416016	1.670329213142395
-5.494319438934326	-6.645288467407227	0.9904333353042603
-3.5313518047332764	-4.526200294494629	0.7027269005775452
-4.1047821044921875	-3.3640832901000977	-0.15220418572425842
-7.487511157989502	-5.716261863708496	-0.29471665620803833
-11.576205253601074	-10.612778663635254	0.0796215757727623
-13.013530731201172	-17.373525619506836	-1.6549488306045532
-10.047593116760254	-8.559529304504395	0.6518261432647705
-5.489799499511719	-5.509738445281982	0.9201874732971191
-5.8550872802734375	-4.740921497344971	1.1364126205444336
-5.121541976928711	-5.666069984436035	0.33714190125465393
-4.416191577911377	-4.72275447845459	-0.8032833933830261
-2.360922336578369	-3.993959426879883	-0.3413461446762085
-3.9064176082611084	-3.819584846496582	-0.49432605504989624
-9.203493118286133	-8.893041610717773	-1.0183305740356445
-13.698233604431152	-11.500872611999512	-0.5915593504905701
-9.037057876586914	-9.163126945495605	-1.1386727094650269
-7.4398956298828125	-4.065363883972168	1.5472002029418945
-6.846458911895752	-5.21146821975708	-0.13680468499660492
-5.375576496124268	-7.776826858520508	2.4720516204833984
-5.619507312774658	-6.61264181137085	0.9818525314331055
-3.88818359375	-5.100875377655029	1.5970666408538818
-3.751685380935669	-5.146307468414307	-0.40984901785850525
-4.5156941413879395	-8.436553955078125	-0.7123994827270508
-11.671819686889648	-15.84056568145752	-2.358767509460449
-13.973653793334961	-14.107316017150879	0.3221350312232971
-3.5476417541503906	-5.196298599243164	2.635355234146118
-3.429243803024292	-4.944352149963379	-2.518795967102051
-5.287479400634766	-5.638910293579102	1.206284999847412
-7.847513198852539	-4.281656265258789	0.7328460216522217
-6.079826354980469	-3.494490623474121	1.3995928764343262
-6.502776145935059	-3.5813233852386475	0.3325354754924774
-7.588364601135254	-5.152474880218506	0.2003563642501831
-7.602078437805176	-11.439849853515625	-1.8366495370864868
-15.854451179504395	-4.874422550201416	-2.788938522338867
-9.861113548278809	-1.0687428712844849	1.8529971837997437
-12.46259593963623	-1.5749728679656982	3.02264142036438
-13.944108009338379	-5.334616661071777	4.707268714904785
-14.908071517944336	-4.711137771606445	5.142113208770752
-9.666733741760254	-6.252228260040283	4.726949214935303
-6.125479221343994	-4.50037145614624	2.3537683486938477
-4.571459770202637	-2.514112710952759	1.5915982723236084
-6.557459831237793	-0.3474656939506531	3.7490901947021484
-8.665027618408203	1.6119393110275269	8.101921081542969
-6.567362308502197	2.1046180725097656	7.07126522064209
-5.611884117126465	2.4595441818237305	8.202171325683594
-2.1717517375946045	1.3208235502243042	9.339522361755371
-2.1241931915283203	0.3132094740867615	9.113797187805176
-1.2483751773834229	0.48934608697891235	6.3385820388793945
-2.162672758102417	1.3317028284072876	7.11577844619751
-2.215019464492798	2.582127332687378	6.2978515625
-2.273294448852539	2.554929256439209	7.656427383422852
-1.1184656620025635	2.5097169876098633	7.634965419769287
-1.3092740774154663	2.896179676055908	7.218537330627441
-1.4233720302581787	3.126300811767578	9.784202575683594
-0.9259048700332642	2.4568722248077393	10.324544906616211
-0.4602709114551544	2.966416120529175	8.38776969909668
0.13228443264961243	2.756310224533081	9.044672012329102
0.3660638630390167	2.6570563316345215	9.051346778869629
