#Sensor Monitor 1.0#Sensor data: Acceleration
#Tue May 18 18:17:47 GMT+08:00 2021

#X(m/s²)	Y(m/s²)	Z(m/s²)
-0.3257550895214081	2.536139726638794	9.583309173583984
-1.0939970016479492	2.2684390544891357	7.879710674285889
-1.1728332042694092	2.318401336669922	7.722947597503662
-3.4397783279418945	3.762066602706909	6.845970630645752
-4.626976490020752	1.6711431741714478	5.344710350036621
-5.638996124267578	-0.49088796973228455	4.0937113761901855
-5.617275714874268	0.23656629025936127	3.944380283355713
-5.079346656799316	-2.53639817237854	2.1600871086120605
-9.049345016479492	-3.866750717163086	5.241950988769531
-11.488748550415039	-3.421658992767334	8.872797012329102
-11.37525463104248	-5.932276248931885	5.4949517250061035
-11.400700569152832	-6.964991092681885	2.141105890274048
-12.69847297668457	-8.31286907196045	1.5180771350860596
-14.284563064575195	-7.230134963989258	2.5824625492095947
-11.273664474487305	-6.253357887268066	2.0576632022857666
-8.229513168334961	-5.074337959289551	1.109195351600647
-6.2608184814453125	-3.4679818153381348	-0.578793466091156
-7.646620750427246	-2.142092227935791	-1.9404046535491943
-6.2974019050598145	-5.554844856262207	0.26616817712783813
-5.652930736541748	-8.356788635253906	-1.934045672416687
-5.399298191070557	-7.264773845672607	0.1622215211391449
-6.186913967132568	-7.5085129737854	0.5639302730560303
-9.609521865844727	-8.633318901062012	-0.45129746198654175
-10.820450782775879	-6.3690266609191895	-2.0106887817382812
-6.73762845993042	-6.699924468994141	-2.568652868270874
-5.608263969421387	-6.122021675109863	-1.6597563028335571
-6.438889503479004	-3.7343802452087402	-0.7383047342300415
-5.5178399085998535	-3.0193660259246826	-0.6999208927154541
-7.209851264953613	-6.6098833084106445	-1.937943458557129
-12.801058769226074	-11.329209327697754	-3.2802956104278564
-7.173335075378418	-10.558879852294922	0.5170900821685791
-1.143509030342102	-6.054601192474365	0.38645288348197937
-1.0197575092315674	-2.683373212814331	-0.7961869835853577
-5.247735977172852	-6.146097660064697	-1.3609696626663208
-9.622516632080078	-11.511330604553223	-1.6413688659667969
-12.04482650756836	-7.493046760559082	1.6353929042816162
-10.208234786987305	-5.557727336883545	-1.648542046546936
-8.966333389282227	-1.7058591842651367	-2.926863670349121
-7.776195049285889	-4.528038501739502	-3.003018617630005
-12.496813774108887	-13.964344024658203	-2.6744189262390137
-6.292546272277832	-10.618293762207031	0.31071949005126953
-2.549757719039917	-8.504626274108887	0.029544448480010033
-1.3939521312713623	-2.7667300701141357	0.5354775786399841
-2.4664394855499268	-4.301384449005127	0.02921883761882782
-9.626127243041992	-10.517115592956543	-0.781419575214386
-9.942612648010254	-11.199873924255371	0.7066150903701782
-10.920720100402832	-4.6182427406311035	-0.06546705216169357
-8.927154541015625	-1.7643256187438965	-0.9521070122718811
-5.418135643005371	-0.47513413429260254	0.03378697484731674
-11.301331520080566	-11.518025398254395	-3.686342716217041
-11.345556259155273	-10.02118968963623	0.057451263070106506
-2.6680216789245605	-5.834937572479248	2.055422067642212
0.8284129500389099	-0.6447776556015015	-1.7654746770858765
-5.506826877593994	-7.947849750518799	-0.8711446523666382
-12.258121490478516	-10.830525398254395	-0.5964818000793457
-12.75607681274414	-6.830006122589111	2.0021369457244873
-7.629114151000977	-3.0889511108398438	0.9357306361198425
-4.589847564697266	-2.5317916870117188	-0.2572043240070343
-12.846070289611816	-11.575936317443848	-3.4620444774627686
-8.597137451171875	-11.49659252166748	-1.1429822444915771
-2.9567720890045166	-5.348857402801514	1.2883583307266235
-1.4076852798461914	-2.1064953804016113	-0.8480358123779297
-2.9959604740142822	-3.8991105556488037	0.1863933801651001
-9.034605979919434	-11.047555923461914	-0.9358360171318054
-12.232953071594238	-8.89303207397461	1.1652387380599976
-11.835094451904297	-4.469141483306885	-0.5404383540153503
-12.490991592407227	-5.793613910675049	-3.1029906272888184
-11.266250610351562	-8.481019020080566	-3.7349259853363037
-9.805903434753418	-9.843348503112793	-3.2058935165405273
-7.334914684295654	-9.387693405151367	-1.138327956199646
-2.5238142013549805	-6.448686599731445	-0.6689590811729431
-2.8605539798736572	-6.311441421508789	-0.5942216515541077
-5.58143949508667	-7.083685874938965	-1.4318283796310425
-6.763207912445068	-11.337329864501953	-0.7447499632835388
-5.128485202789307	-12.207612991333008	3.268583297729492
-5.003239631652832	-8.660009384155273	1.1950610876083374
-4.979729175567627	-4.055270195007324	0.47463610768318176
-4.241644382476807	-3.976634979248047	1.0933552980422974
-6.131119728088379	-8.165693283081055	1.814651608467102
-8.761495590209961	-10.646058082580566	2.293032169342041
-9.433145523071289	-11.889184951782227	3.339087724685669
-6.477388381958008	-6.974118232727051	1.7582347393035889
-4.308586597442627	-8.512115478515625	0.7928350567817688
-4.179950714111328	-7.860145092010498	0.06284300982952118
-3.131577730178833	-7.670936107635498	1.4127131700515747
-4.580595970153809	-7.7736663818359375	-0.5357744693756104
-5.192209243774414	-7.133016586303711	-0.1920628696680069
-4.651454925537109	-6.625139236450195	-0.5167644619941711
-7.178668975830078	-8.118738174438477	-1.5277879238128662
-6.056478023529053	-8.642580032348633	-2.0557188987731934
-8.733559608459473	-8.38460922241211	-1.8136652708053589
-7.206259727478027	-8.672229766845703	-3.675511360168457
-4.194717884063721	-5.149908542633057	-0.2053554654121399
-3.3927371501922607	-5.098318576812744	-1.8389958143234253
-4.994007587432861	-6.656628131866455	-1.4032511711120605
-4.322386264801025	-7.946316719055176	-1.4406869411468506
-3.6994149684906006	-5.9805145263671875	0.1752076894044876
-6.543094635009766	-9.291446685791016	-1.5957067012786865
-9.650385856628418	-13.161693572998047	-1.227277398109436
-8.269103050231934	-11.3519926071167	-0.18368315696716309
-4.619420528411865	-7.790923595428467	0.8974617123603821
-2.552180767059326	-2.4572746753692627	0.6037505865097046
-2.144151449203491	-2.132802724838257	-0.36044228076934814
-6.262360572814941	-11.471138000488281	-1.3392685651779175
-11.589534759521484	-11.969944953918457	-0.23412419855594635
-11.548662185668945	-5.954484939575195	0.6629257202148438
-7.491466999053955	-3.4057135581970215	1.0880401134490967
-7.09418249130249	-2.6462247371673584	-0.8662413358688354
-11.238659858703613	-11.959104537963867	-2.254370927810669
-9.00527286529541	-12.67856216430664	-0.1120677962899208
-3.4053592681884766	-8.725151062011719	1.3962026834487915
0.030301015824079514	-4.523375034332275	1.057442307472229
-1.444881558418274	-4.495563983917236	-0.3873531222343445
-4.905106544494629	-13.249981880187988	-0.10995131731033325
-8.794122695922852	-12.540024757385254	2.145961284637451
-10.36445140838623	-8.543478965759277	2.6710386276245117
-7.9817705154418945	-0.10359231382608414	-2.7513973712921143
-11.2509765625	-3.4622933864593506	-2.522416114807129
-15.572903633117676	-11.951979637145996	-1.3602322340011597
-8.934165000915527	-13.899308204650879	2.067814350128174
-0.35698503255844116	-6.336810111999512	2.85164737701416
2.3266947269439697	-2.6289196014404297	0.9608219265937805
-4.026922702789307	-9.075642585754395	-1.7381618022918701
-7.481420516967773	-13.568812370300293	0.6762470602989197
-8.745588302612305	-9.478845596313477	4.484971523284912
-7.925573825836182	-3.8367559909820557	-0.9006603956222534
-8.246406555175781	-1.58428156375885	-3.8930389881134033
-14.118521690368652	-9.74477481842041	-5.22540283203125
-11.102449417114258	-11.9451322555542	0.7815536260604858
-2.6873764991760254	-7.39816951751709	-0.14769351482391357
-1.2200373411178589	-1.9848123788833618	0.5143798589706421
-1.8398290872573853	-6.65967321395874	-1.1682460308074951
-6.760861873626709	-13.61735725402832	-0.2887886166572571
-9.592741966247559	-11.138343811035156	3.9788758754730225
-8.705642700195312	-6.850586891174316	1.3153456449508667
-7.014618396759033	-5.234155654907227	-3.261563539505005
-7.987114429473877	-6.972126007080078	-2.9018681049346924
-8.446944236755371	-9.121850967407227	-1.4234199523925781
-5.768637657165527	-7.8313188552856445	2.4389829635620117
-4.089095592498779	-7.224647521972656	1.9287976026535034
-2.149303674697876	-3.823702812194824	1.2625775337219238
-4.34051513671875	-8.586498260498047	1.2534220218658447
-8.119877815246582	-16.57880210876465	2.0569162368774414
-11.341400146484375	-10.509626388549805	3.4030323028564453
-8.198502540588379	-7.614461421966553	-0.9731759428977966
-5.507152557373047	-5.499672889709473	-1.3670700788497925
-4.077200889587402	-5.1233906745910645	0.5187947750091553
-6.494655132293701	-7.38906192779541	1.9328007698059082
-8.710354804992676	-11.934396743774414	0.004443638492375612
-7.544100761413574	-9.835371017456055	1.5856989622116089
-5.588526248931885	-7.577447414398193	0.17815732955932617
-4.261507034301758	-6.717382907867432	-0.9125930666923523
-5.115182876586914	-6.136099815368652	-1.171655297279358
-5.412006855010986	-7.293724536895752	-0.959404468536377
-4.974720001220703	-7.394424915313721	0.1552208811044693
-6.786633014678955	-10.09975814819336	0.6083953976631165
-7.465973377227783	-8.339991569519043	-0.6190064549446106
-8.411213874816895	-8.370234489440918	-3.3215813636779785
-6.111037254333496	-6.024519920349121	-3.23486328125
-5.435938835144043	-5.411940097808838	-2.7969064712524414
-4.399316787719727	-5.627331733703613	-0.9797456860542297
-5.9429545402526855	-5.065039157867432	-2.2724709510803223
-5.10839319229126	-5.505725383758545	-1.3888381719589233
-5.059561252593994	-7.109141826629639	-0.9641737937927246
-9.319707870483398	-11.060742378234863	-1.1391419172286987
-10.311060905456543	-12.871563911437988	0.27998751401901245
-6.851515769958496	-10.546009063720703	1.4673008918762207
-3.529139518737793	-8.035965919494629	0.46792277693748474
-2.538696527481079	-3.7398674488067627	0.29092422127723694
-1.4983584880828857	-1.4343374967575073	-0.7533116340637207
-5.510513782501221	-7.463435649871826	-0.7617009282112122
-8.827929496765137	-11.118328094482422	-0.41049066185951233
-11.095046997070312	-8.646965980529785	-0.06546705216169357
-9.275223731994629	-5.634677410125732	0.018856734037399292
-5.4955644607543945	-2.372213363647461	0.5510590076446533
-6.842686176300049	-5.626124858856201	-0.5277203321456909
-9.19594669342041	-12.521713256835938	-0.49628928303718567
-7.492300033569336	-11.46143627166748	2.3442585468292236
-4.112242698669434	-8.216910362243652	-0.12871228158473969
-2.500054121017456	-2.8201396465301514	-1.2069936990737915
-2.042320966720581	-1.9698342084884644	-1.0605164766311646
-8.598823547363281	-12.17809772491455	-2.550581216812134
-7.954380989074707	-10.531250953674316	2.407954216003418
-10.01830768585205	-8.396723747253418	0.2778136134147644
-9.037374496459961	-5.622820854187012	-1.3745495080947876
-6.583164215087891	-1.5738236904144287	-0.4440477788448334
-7.826176166534424	-5.319485187530518	-0.24039700627326965
-9.658363342285156	-12.1437349319458	-1.655810832977295
-8.688950538635254	-10.825958251953125	1.2785611152648926
-3.0526742935180664	-7.939632415771484	0.7413406372070312
-1.1741836071014404	-2.7649006843566895	0.16633954644203186
-3.023378610610962	-4.059426307678223	-1.202837347984314
-7.426717758178711	-10.93638801574707	-0.011702857911586761
-11.447502136230469	-10.41346549987793	0.7249833941459656
-10.910932540893555	-7.406032085418701	0.06842628121376038
-6.937055587768555	-3.122307062149048	-0.7990217208862305
-7.051383972167969	-1.4957057237625122	-1.6895020008087158
-10.97819995880127	-11.217917442321777	-3.5722925662994385
-8.650920867919922	-10.037287712097168	-0.9556216597557068
-3.8488516807556152	-7.198971748352051	2.212615966796875
-0.4870380759239197	-2.51115345954895	0.9615018367767334
-3.38157057762146	-5.227863788604736	-0.9725534915924072
-8.08985424041748	-13.565364837646484	-0.816508948802948
-10.195879936218262	-10.11278247833252	2.6234896183013916
-8.548678398132324	-6.956362724304199	-0.3826221525669098
-6.8103928565979	-2.3220884799957275	-2.7895994186401367
-7.363941669464111	-4.751092433929443	-1.8002960681915283
-9.23025131225586	-10.839632987976074	-1.352331280708313
-5.131157398223877	-8.02259635925293	1.7436683177947998
-4.581955909729004	-5.556204795837402	1.7382957935333252
-3.8165106773376465	-4.6435065269470215	0.4654998481273651
-6.9834747314453125	-9.513916015625	-0.31449276208877563
-10.526298522949219	-14.975683212280273	0.5408214330673218
-10.915740013122559	-10.011823654174805	-0.578908383846283
-8.072453498840332	-7.550086498260498	-1.9142600297927856
-5.003824234008789	-3.6988978385925293	-1.0880593061447144
-4.219100475311279	-3.325718402862549	-0.1663682907819748
-8.017932891845703	-9.1570463180542	-2.010794162750244
-8.920432090759277	-10.034261703491211	-1.3064488172531128
-7.900712490081787	-9.4849271774292	1.7841590642929077
-6.591744422912598	-5.874365329742432	-0.9693835377693176
-4.6555633544921875	-5.798028945922852	-0.48861825466156006
-5.481457710266113	-6.088301658630371	0.06902004778385162
-7.369381427764893	-6.693374156951904	-2.046879529953003
-8.479975700378418	-9.37927532196045	-1.7805582284927368
-6.9104509353637695	-8.227185249328613	0.05869624763727188
-7.334071636199951	-6.640739917755127	-0.45085689425468445
-6.022470474243164	-4.36940860748291	-1.0848032236099243
-5.291291236877441	-3.7883071899414062	-1.337515950202942
-6.052886486053467	-4.914731025695801	-1.642106294631958
-6.895885467529297	-7.098137855529785	-1.1588224172592163
-10.428548812866211	-9.318644523620605	-1.4225293397903442
-8.621118545532227	-5.754885196685791	-0.801789402961731
-9.06588363647461	-6.728721618652344	-1.6938785314559937
-8.955080032348633	-8.172751426696777	-1.732147455215454
-6.889325141906738	-5.787111282348633	0.180580273270607
-4.2954277992248535	-4.626948356628418	0.6159802079200745
-3.0369107723236084	-4.985848426818848	-0.8811619877815247
-3.584780693054199	-5.7973103523254395	-1.056168556213379
-3.374569892883301	-5.660438537597656	-0.1972917914390564
-3.7433440685272217	-5.634677410125732	1.183348536491394
-8.324907302856445	-11.161375999450684	0.5814079642295837
-10.951078414916992	-12.154585838317871	-0.021691467612981796
-15.727951049804688	-6.537798881530762	-1.7262768745422363
-8.325176239013672	-4.674248218536377	-0.5874795913696289
-5.607143402099609	-0.43583089113235474	-0.7547290325164795
-6.6873884201049805	-2.6677920818328857	-1.1684374809265137
-11.907064437866211	-12.126363754272461	-2.1596274375915527
-9.229302406311035	-9.076945304870605	1.3481941223144531
-3.668395757675171	-7.469210147857666	1.6053122282028198
-1.0306559801101685	-2.74316143989563	1.0808289051055908
-2.428103446960449	-5.981788635253906	-0.18193060159683228
-6.831528663635254	-12.822759628295898	-1.0222092866897583
-11.070252418518066	-10.873046875	0.6643813848495483
-10.682822227478027	-7.138474941253662	0.21009598672389984
-7.057599067687988	-2.1634771823883057	-1.0468982458114624
-7.996336936950684	0.5038453936576843	-2.7200429439544678
-11.221853256225586	-10.94837760925293	-2.839446544647217
-12.69668197631836	-9.547013282775879	2.258498191833496
-6.140275001525879	-8.62378978729248	1.2265878915786743
-2.729217529296875	-4.370816230773926	0.28959304094314575
-2.2595133781433105	-3.4750688076019287	-0.16711528599262238
-4.859654903411865	-11.275330543518066	-0.7018075585365295
-6.972384929656982	-11.226201057434082	0.7135583162307739
-9.730772972106934	-6.056458950042725	0.27246972918510437
-6.736210823059082	-2.9450690746307373	-0.5382357239723206
-6.7481913566589355	-3.570894241333008	-0.4253251254558563
-12.516436576843262	-10.751440048217773	-2.9303207397460938
-13.265170097351074	-11.240873336791992	-1.075858473777771
-7.327569484710693	-5.521411895751953	2.3877182006835938
-2.9397542476654053	-1.9673922061920166	1.4865789413452148
-3.0706593990325928	-7.773273944854736	-2.9073078632354736
-2.4786596298217773	-11.405306816101074	-2.5058770179748535
-9.580465316772461	-11.31431770324707	2.0053930282592773
-9.98064136505127	-5.596369743347168	0.9803202748298645
-6.615744113922119	-0.40005195140838623	-0.01188481692224741
-11.975174903869629	-8.71445369720459	-1.2049825191497803
-11.620306015014648	-11.889145851135254	-2.5888216495513916
-6.828282356262207	-7.806964874267578	1.907508373260498
-1.8078713417053223	-2.5981016159057617	0.973242998123169
-1.9865649938583374	-3.764441728591919	-0.354782372713089
-6.84351921081543	-12.146330833435059	-1.7557064294815063
-7.360541820526123	-12.516158103942871	0.6970000267028809
-10.502463340759277	-4.798056602478027	3.7828099727630615
-8.834766387939453	-6.617333889007568	-2.7580437660217285
-7.955855369567871	-6.822478771209717	-1.7089333534240723
-13.58825397491455	-12.345135688781738	-1.201870083808899
-8.080842971801758	-8.393832206726074	0.2384912222623825
-4.986451625823975	-7.361729621887207	2.9737517833709717
-3.848449468612671	-6.829230308532715	-0.5382547974586487
-4.839917182922363	-6.953958988189697	-1.3800466060638428
-4.19459342956543	-8.596783638000488	-1.1472057104110718
-10.17480182647705	-11.172111511230469	-1.023444652557373
-8.267168998718262	-9.463982582092285	2.1287996768951416
-9.799113273620605	-6.466585636138916	0.8571338057518005
-5.456864833831787	-5.052186965942383	-3.125218391418457
-3.5834591388702393	-4.217280864715576	-0.852651834487915
-4.074586391448975	-5.652605056762695	-1.4466724395751953
-7.047074317932129	-7.436945915222168	-1.0965348482131958
-11.355335235595703	-12.393450736999512	-0.6255378127098083
-8.474899291992188	-4.785961627960205	-0.8316307663917542
-7.965336799621582	-7.128486156463623	-0.3217615783214569
-6.728588104248047	-9.188745498657227	-3.4708549976348877
-4.464295387268066	-8.031455039978027	0.4626842737197876
-5.561251640319824	-6.702778339385986	-0.9154374003410339
-4.83525276184082	-5.175124645233154	-1.3795485496520996
-5.760104656219482	-4.590537071228027	-1.4809095859527588
-6.636736869812012	-9.223949432373047	-2.0036020278930664
-5.610217571258545	-10.32875919342041	0.3561135530471802
-6.7551727294921875	-9.381516456604004	-1.6763339042663574
-6.288380146026611	-4.939113616943359	-0.6622266173362732
-4.926644325256348	-3.4129440784454346	-0.27681758999824524
-6.376084804534912	-3.2670605182647705	-2.0499539375305176
-6.550248622894287	-3.235351800918579	-1.3794145584106445
-6.937898635864258	-5.216716289520264	-1.2011805772781372
-11.93553638458252	-11.66193675994873	-2.6252901554107666
-11.808825492858887	-10.755472183227539	0.014566323719918728
-6.166171073913574	-10.84748649597168	1.0943130254745483
-2.33201003074646	-5.306164264678955	0.1570308953523636
-1.703914999961853	-0.6731345653533936	0.2644922435283661
-3.742692708969116	-4.623797416687012	-1.3137367963790894
-7.50269079208374	-12.589804649353027	-1.2829855680465698
-8.770421028137207	-10.31883716583252	2.161600112915039
-9.524948120117188	-4.3507819175720215	0.2641187310218811
-7.074818134307861	-0.8945982456207275	-0.7809694409370422
-9.346522331237793	-7.750912189483643	-1.863560438156128
-12.739297866821289	-12.339437484741211	-1.0197192430496216
-7.144230842590332	-10.178268432617188	1.7646416425704956
-2.676382303237915	-6.135026931762695	0.9121812582015991
-0.7513675689697266	-2.0615227222442627	-0.24779988825321198
-4.697787761688232	-7.74578857421875	-1.935060739517212
-7.604731559753418	-12.607032775878906	0.3565828204154968
-9.914838790893555	-8.384791374206543	2.355597734451294
-8.348495483398438	-5.824681282043457	-0.5790712237358093
-6.950357913970947	-1.787989854812622	-1.3881293535232544
-11.739489555358887	-7.127978801727295	-1.334221601486206
-12.104988098144531	-9.648211479187012	-1.391921877861023
-7.490767478942871	-11.886004447937012	1.8450101613998413
-2.298567533493042	-6.712374687194824	0.33435505628585815
1.3001376390457153	-2.667226791381836	0.36342066526412964
-3.1433663368225098	-6.474859714508057	-1.2122609615325928
-7.948873996734619	-13.189763069152832	-0.6392805576324463
-10.610038757324219	-10.325377464294434	2.6624863147735596
-10.983370780944824	-6.062722206115723	0.0059280432760715485
-7.1131157875061035	-1.0907217264175415	-2.1142618656158447
-8.862022399902344	-4.7772369384765625	-2.36799955368042
-11.922415733337402	-11.871294975280762	-2.458509922027588
-7.457200527191162	-11.48951530456543	1.4385513067245483
-2.853926658630371	-6.16973352432251	1.4100315570831299
0.2331569343805313	-1.5795698165893555	1.317366361618042
-3.0961241722106934	-8.212188720703125	-1.6923558712005615
-7.463780403137207	-14.484010696411133	-0.09774088859558105
-11.568351745605469	-10.048321723937988	3.0372650623321533
-9.066620826721191	-5.337336540222168	-0.11767980456352234
-6.613072395324707	-1.8622100353240967	-0.5347210168838501
-9.238314628601074	-10.72614860534668	-1.6437727212905884
-8.083648681640625	-8.099746704101562	-0.6815621852874756
-5.70927095413208	-5.635491371154785	2.6527469158172607
-4.189163684844971	-7.626222133636475	0.4253442883491516
-1.939877986907959	-7.6536688804626465	-1.020667314529419
-7.113134860992432	-13.231996536254883	-0.11898224800825119
-10.690742492675781	-13.908424377441406	1.9361909627914429
-9.66726016998291	-8.815105438232422	3.31215763092041
-6.593209743499756	-4.546416282653809	-2.1610543727874756
-4.5771870613098145	-3.0772387981414795	-0.872782289981842
-4.464927673339844	-5.260453701019287	0.2636207640171051
-7.008259296417236	-11.005484580993652	1.6104166507720947
-9.576184272766113	-9.309566497802734	3.262444496154785
-7.524736404418945	-8.5	1.9449057579040527
-5.780924320220947	-5.211678981781006	0.2585354745388031
-5.4854416847229	-6.285401821136475	-0.3579714596271515
-5.989200592041016	-7.992573261260986	0.3944782316684723
-6.711033821105957	-7.594589710235596	0.6733261346817017
-5.637023448944092	-6.7769317626953125	1.452887773513794
-8.013460159301758	-8.389435768127441	-0.24270501732826233
-6.933627605438232	-7.918170928955078	-0.36644694209098816
-8.36840534210205	-7.950473785400391	0.0590122826397419
-7.208395481109619	-6.917423248291016	-3.0687921047210693
-5.6168742179870605	-4.792109966278076	-2.45528244972229
-4.995655059814453	-3.4181058406829834	-1.0845063924789429
-6.377148151397705	-3.9296224117279053	-0.8252430558204651
-7.393199443817139	-3.917890787124634	-0.986554741859436
-6.715103626251221	-5.966427326202393	-1.139180302619934
-8.389866828918457	-8.277569770812988	-0.11353304237127304
-10.036789894104004	-10.812780380249023	-0.21141758561134338
-10.73099422454834	-11.46601390838623	1.0220272541046143
-6.952120304107666	-9.706534385681152	0.03539587929844856
-3.975102424621582	-6.66415548324585	0.07856812328100204
-2.994629144668579	-5.65969181060791	0.16408900916576385
-3.8747856616973877	-4.960718631744385	-0.24365311861038208
-3.1742422580718994	-2.6366193294525146	-0.709871232509613
-6.09777307510376	-7.047552585601807	-0.40166085958480835
-10.029023170471191	-9.869550704956055	0.18999426066875458
-10.882346153259277	-8.803929328918457	0.3309265375137329
-9.438076972961426	-5.353683948516846	-0.18397046625614166
-5.459287643432617	-2.5759310722351074	-0.5327290296554565
-6.013928413391113	-2.083099126815796	1.445120930671692
-10.50084400177002	-13.052067756652832	-2.557553291320801
-11.232206344604492	-11.721973419189453	0.45289677381515503
-6.573462963104248	-8.193236351013184	0.98396897315979
-3.2699623107910156	-4.887035369873047	-0.7306816577911377
-1.3180272579193115	-1.7873194217681885	-0.13020627200603485
-4.273324012756348	-6.394989490509033	-0.4794341027736664
-8.97708797454834	-12.091963768005371	-1.5735268592834473
-12.974303245544434	-9.525274276733398	1.2227667570114136
-10.382801055908203	-5.857922077178955	0.3603082001209259
-7.195524215698242	-1.1789528131484985	-0.40382522344589233
-6.080113410949707	-3.114837169647217	-0.8567411303520203
-9.766791343688965	-12.713134765625	-2.4991252422332764
-8.856324195861816	-10.974676132202148	0.6160567998886108
-5.594435691833496	-9.219256401062012	1.231835961341858
-2.8198142051696777	-5.1185832023620605	0.7804714441299438
0.12439314275979996	-3.161916732788086	-0.3690997064113617
-4.111055374145508	-6.565169334411621	-1.0400604009628296
-9.93113899230957	-12.67334270477295	-0.6295217871665955
-12.398402214050293	-9.699313163757324	2.306018590927124
-11.007351875305176	-4.9326300621032715	-0.5719077587127686
-7.984384536743164	-2.9508917331695557	-0.5872114896774292
-8.357497215270996	-4.500965118408203	-1.8655140399932861
-10.929348945617676	-11.86509895324707	-2.871366262435913
-7.9603471755981445	-10.77878189086914	0.15492399036884308
-2.856330633163452	-6.433717727661133	1.3776522874832153
0.19047310948371887	-3.1437783241271973	-0.1907508373260498
-1.5175504684448242	-5.302438259124756	-1.443866491317749
-8.513092041015625	-13.910024642944336	-0.7115950584411621
-10.296695709228516	-10.692849159240723	4.850508689880371
-11.082079887390137	-7.022566795349121	1.8230122327804565
-8.804781913757324	-2.2863190174102783	-3.2152116298675537
-8.367600440979004	-5.131415843963623	-0.6460897326469421
-10.165847778320312	-7.702884197235107	-2.0665791034698486
-5.81349515914917	-6.091174602508545	2.4506092071533203
-2.6019608974456787	-5.567984580993652	1.3718392848968506
-2.096841812133789	-7.373011112213135	-1.7418678998947144
-8.689659118652344	-13.48423957824707	-3.3795113563537598
-12.179974555969238	-16.517818450927734	2.7088189125061035
-11.820058822631836	-9.295363426208496	0.8391485810279846
-7.542568206787109	-6.717526912689209	-0.8374247550964355
-6.359239101409912	-2.663846254348755	-0.09381440281867981
-5.807835578918457	-3.1170494556427	-0.19865170121192932
-7.663504600524902	-8.940753936767578	-1.149149775505066
-9.05705451965332	-9.302143096923828	-0.5180190205574036
-5.758419036865234	-8.28309440612793	0.21109198033809662
-5.2993550300598145	-6.652547836303711	0.07204631716012955
-5.121140003204346	-7.123841762542725	-1.0484113693237305
-6.894649982452393	-7.174991607666016	-0.2799396216869354
-6.574449062347412	-7.8671650886535645	0.5558570027351379
-6.44710636138916	-7.097371578216553	1.0268921852111816
-5.790348052978516	-8.081646919250488	0.6302496194839478
-6.8865766525268555	-7.874366760253906	2.6288907527923584
-8.34660816192627	-8.056593894958496	-0.07583872973918915
-6.047647953033447	-6.173803329467773	0.6489052772521973
-5.050357818603516	-4.9785895347595215	-0.39498579502105713
-6.53715705871582	-4.263833999633789	-0.6463961601257324
-9.598278045654297	-5.75960636138916	-2.414207696914673
-11.540684700012207	-4.387633323669434	-3.9014666080474854
-11.305861473083496	-10.131916999816895	-1.6095356941223145
-8.87641716003418	-9.36351203918457	1.1024916172027588
-4.909482955932617	-5.708590984344482	2.2747788429260254
-2.5401041507720947	-5.65995979309082	0.7149086594581604
-2.59055495262146	-6.120010852813721	0.44787850975990295
-2.624753713607788	-7.600336074829102	1.420575737953186
-1.5197051763534546	-4.565962791442871	2.102013349533081
-3.890252113342285	-6.048108100891113	0.959193766117096
-14.058225631713867	-14.197185516357422	-3.0463247299194336
-12.636625289916992	-9.463446617126465	0.29744604229927063
-12.611151695251465	-3.1681034564971924	-1.4988948106765747
-6.885168552398682	0.07732313871383667	0.7629458904266357
-5.93799352645874	0.28028440475463867	-0.06683653593063354
-9.972980499267578	-10.494274139404297	-3.678518533706665
-10.830449104309082	-12.308218002319336	2.2799694538116455
-6.022422790527344	-10.157707214355469	0.011444284580647945
-3.2681429386138916	-5.859454154968262	1.7319176197052002
-0.555962324142456	-2.7922616004943848	-0.7732217907905579
-7.816206455230713	-7.7429728507995605	-0.7633002400398254
-11.142959594726562	-11.256540298461914	0.06324522942304611
-9.714483261108398	-7.968698024749756	1.495973825454712
-7.811150074005127	-4.896659851074219	-1.168063998222351
-5.667793273925781	-2.819019317626953	1.1632468700408936
-4.6907196044921875	-4.9490251541137695	-0.6070258617401123
-8.706476211547852	-12.907419204711914	1.1515247821807861
-7.946959018707275	-12.046780586242676	2.6223978996276855
-2.9534969329833984	-8.780494689941406	1.1043494939804077
-1.837568998336792	-3.082726240158081	0.8455937504768372
-4.587319374084473	-1.3596959114074707	-0.8494436144828796
-10.589152336120605	-8.171649932861328	-0.6805949211120605
-11.399789810180664	-9.658745765686035	1.8272355794906616
-8.854485511779785	-4.667505741119385	1.303891897201538
-6.481334209442139	-2.3667259216308594	0.9473090171813965
-4.874910831451416	-6.194738388061523	-0.308727502822876
-11.463945388793945	-15.189753532409668	0.6419717073440552
-5.476381778717041	-11.498968124389648	0.7048242688179016
-4.7049031257629395	-5.277873992919922	0.8488690257072449
0.5892034769058228	-4.063027381896973	-0.2915275990962982
-5.766348838806152	-2.993537425994873	1.2520908117294312
-10.481489181518555	-9.565726280212402	-2.471371650695801
-11.421567916870117	-9.72481632232666	2.703561305999756
-9.88045883178711	-8.19865608215332	-2.0606415271759033
-6.903670787811279	-3.673452377319336	0.31580477952957153
-4.523709774017334	-1.0094432830810547	-0.6438199877738953
-6.928062915802002	-9.478913307189941	-0.7435145378112793
-9.168863296508789	-13.996273040771484	-0.1279844492673874
-4.67484188079834	-9.038427352905273	3.1278042793273926
-2.522329807281494	-4.092485427856445	-1.419081687927246
-1.2726140022277832	-1.9414103031158447	0.04748180881142616
-6.727046012878418	-11.761180877685547	-1.8638668060302734
-12.262689590454102	-10.31528377532959	3.561892032623291
-10.810548782348633	-8.053050994873047	0.18821297585964203
-12.611122131347656	-4.646302700042725	-2.6092870235443115
-10.286745071411133	-4.683547019958496	-1.5566716194152832
-11.450843811035156	-11.739096641540527	-2.311094284057617
-7.748335838317871	-11.843522071838379	-0.6537415981292725
-5.030917167663574	-6.3406982421875	1.7606672048568726
-3.8936233520507812	-4.568108081817627	-0.6409181952476501
-5.436600208282471	-7.197659492492676	-2.3424389362335205
-5.954236030578613	-8.87726879119873	-0.5823273062705994
-6.9131903648376465	-10.020931243896484	0.44569501280784607
-7.144872665405273	-7.296166896820068	1.5324805974960327
-8.157562255859375	-7.867480754852295	0.7587321400642395
-7.343227386474609	-4.921233654022217	0.30284735560417175
-6.48894739151001	-3.9540815353393555	0.7495670914649963
-7.251471519470215	-4.569535255432129	0.1723059117794037
-9.127893447875977	-5.44766092300415	1.1319785118103027
-11.90260124206543	-8.803421974182129	0.5113727450370789
-10.042430877685547	-4.967250347137451	-0.7838520407676697
-9.203311920166016	-6.246577739715576	-2.0786170959472656
-8.775601387023926	-6.967893123626709	-1.5094963312149048
-5.894026279449463	-6.722113609313965	-0.5231426358222961
-5.777735233306885	-6.799283504486084	-0.6629831790924072
-4.7374067306518555	-7.564384460449219	-0.7981981039047241
-5.417599678039551	-7.21040678024292	-0.1685134917497635
-5.953670978546143	-7.223565101623535	0.030348900705575943
-6.631383419036865	-9.107054710388184	-0.7689217925071716
-8.634783744812012	-10.007485389709473	0.9354528784751892
-7.209688663482666	-8.196788787841797	-0.6058766841888428
-5.886585235595703	-4.937427997589111	0.1327345371246338
-4.7382402420043945	-2.7065300941467285	-0.7155311107635498
-4.886977672576904	-2.8975586891174316	-1.2142529487609863
-8.940140724182129	-3.6786718368530273	-1.42947256565094
-8.834068298339844	-5.946823596954346	0.33254504203796387
-8.213557243347168	-5.125574111938477	0.3462686240673065
-11.043140411376953	-7.319218158721924	-1.9294105768203735
-11.38463020324707	-10.36168384552002	-1.0565611124038696
-6.9942097663879395	-9.581212043762207	1.523373007774353
-3.740968942642212	-8.604291915893555	-0.07835742831230164
-3.573345899581909	-7.443295478820801	-0.384499192237854
-4.719862461090088	-5.6821208000183105	0.12749603390693665
-3.230170726776123	-4.049485683441162	0.5397392511367798
-5.774144172668457	-4.889256954193115	-0.27019044756889343
-9.371709823608398	-9.690828323364258	-0.6644675731658936
-12.779205322265625	-8.07988452911377	0.6277309656143188
-11.583368301391602	-3.95404314994812	-0.44300392270088196
-7.804915428161621	-1.6507540941238403	-0.11237425357103348
-6.1115922927856445	-4.941354274749756	-0.6378344893455505
-9.430099487304688	-12.747668266296387	-2.037465810775757
-9.710010528564453	-13.03758716583252	1.6903542280197144
-4.568558216094971	-8.908652305603027	1.314541220664978
-1.1368722915649414	-5.412293910980225	0.1732252836227417
-0.515481173992157	-3.38421368598938	-0.41933006048202515
-7.11873722076416	-9.435721397399902	-1.8640583753585815
-10.297537803649902	-9.92247200012207	1.401872158050537
-10.910577774047852	-8.845685005187988	0.9737122654914856
-9.739631652832031	-4.568835735321045	-1.9303873777389526
-6.774997234344482	-1.78822922706604	-1.7988978624343872
-6.78123140335083	-2.6538960933685303	-1.2111786603927612
-11.930776596069336	-12.440291404724121	-1.7880377769470215
-10.300554275512695	-10.802973747253418	0.7413597702980042
-4.8322649002075195	-8.831281661987305	2.2580578327178955
-0.35523247718811035	-3.9731011390686035	0.8373576402664185
-1.0446956157684326	-2.9245078563690186	-0.5747520923614502
-6.407286167144775	-9.7177095413208	-1.7670453786849976
-10.69588565826416	-11.679079055786133	0.3690231144428253
-12.192778587341309	-5.766693592071533	1.0130633115768433
-8.128066062927246	-1.8506125211715698	-1.9215575456619263
-7.061343669891357	-3.293865919113159	-2.1695775985717773
-13.142415046691895	-10.949469566345215	-3.159398078918457
-10.682842254638672	-10.247719764709473	1.2816927433013916
-3.6470108032226562	-8.45110034942627	0.7972117066383362
-0.6431208848953247	-2.8578531742095947	0.6299623250961304
-2.207961320877075	-3.0125856399536133	0.1263372302055359
-5.80940580368042	-10.517986297607422	-0.9728695154190063
-9.948683738708496	-12.289916038513184	0.6899610757827759
-11.45693588256836	-8.201347351074219	0.12949758768081665
-8.505793571472168	-4.266610622406006	-1.4847307205200195
-5.782370567321777	-3.6436972618103027	-0.5536064505577087
-9.694706916809082	-10.156989097595215	-2.9088211059570312
-7.259621620178223	-7.508551597595215	-0.13485100865364075
-4.538832187652588	-6.288390159606934	2.1172115802764893
-3.0765395164489746	-3.839945077896118	-0.5502737164497375
-6.07977819442749	-8.989192962646484	0.34600046277046204
-9.794583320617676	-14.242530822753906	1.2705645561218262
-10.96179485321045	-11.616398811340332	2.996410369873047
-9.928984642028809	-6.849792003631592	0.22289060056209564
-6.282816410064697	-3.624016761779785	-0.9733962416648865
-7.560812473297119	-4.8801493644714355	-0.5657594799995422
-8.233152389526367	-8.282865524291992	-0.4684399366378784
-9.110109329223633	-8.564327239990234	0.02926672250032425
-6.764443397521973	-6.688327312469482	0.9681289792060852
-5.058115005493164	-6.846373081207275	-0.09935937076807022
-4.955327033996582	-5.9997639656066895	-1.5824716091156006
-6.475127696990967	-6.719748497009277	0.3175094723701477
-7.038722991943359	-6.2293009757995605	0.19303011894226074
-10.546391487121582	-10.272398948669434	-2.1378304958343506
-8.88060188293457	-7.222961902618408	0.9635608792304993
-7.797177791595459	-7.690032005310059	-1.9384126663208008
-3.8398208618164062	-5.908793926239014	-2.4885621070861816
-3.830914258956909	-4.43007755279541	-1.8167681694030762
-4.906705379486084	-6.186828136444092	-1.6172544956207275
-7.056919097900391	-7.032670497894287	-0.18914194405078888
-9.67258358001709	-8.454463005065918	0.18761922419071198
-10.056231498718262	-6.572725296020508	-1.2710816860198975
-10.217917442321777	-5.066197872161865	-0.5509920120239258
-9.658306121826172	-7.645730018615723	-0.880357563495636
-7.8232645988464355	-6.548486232757568	0.21438640356063843
-5.746084213256836	-5.906390190124512	0.12947842478752136
-4.581745624542236	-6.008392810821533	-0.8712021112442017
-4.906983375549316	-6.095273494720459	-0.6521901488304138
-4.492221832275391	-6.0707855224609375	0.0025953147560358047
-2.00405216217041	-2.269205331802368	1.289497971534729
-4.970132827758789	-6.612679481506348	0.42962512373924255
-8.673139572143555	-11.308810234069824	-0.759785532951355
-11.466894149780273	-7.787782669067383	-0.4498226046562195
-9.979348182678223	-3.5481972694396973	-0.3343263268470764
-7.364191055297852	-1.999100923538208	-1.1684086322784424
-11.626243591308594	-8.430166244506836	-1.518680453300476
-12.979503631591797	-10.887067794799805	0.3484521210193634
-8.125604629516602	-9.927759170532227	2.1593878269195557
-3.457016706466675	-6.195456504821777	0.45571234822273254
-1.2285606861114502	-2.2960586547851562	0.2441989928483963
-3.092255115509033	-4.858486175537109	-0.22774605453014374
-8.030909538269043	-12.035757064819336	-0.6287173628807068
-9.443985939025879	-9.575580596923828	2.08024525642395
-9.70186996459961	-5.609566688537598	-0.2113984376192093
-8.009773254394531	-1.3413180112838745	-3.69378399848938
-7.377933502197266	-1.6052836179733276	-2.7886416912078857
-13.510519027709961	-11.64614486694336	-3.93173885345459
-13.128460884094238	-12.582545280456543	1.3652887344360352
-3.856081962585449	-5.654577732086182	0.500972330570221
-2.1926193237304688	-0.051082685589790344	1.377853512763977
-3.960392475128174	-4.295801162719727	-1.5178664922714233
-3.456796407699585	-10.968489646911621	-1.031690239906311
-8.794965744018555	-11.703327178955078	2.0873897075653076
-10.640828132629395	-5.167252540588379	3.9028360843658447
-7.7198638916015625	-2.685892105102539	-2.2480788230895996
-11.368330001831055	-5.8154683113098145	-3.7943308353424072
-16.459850311279297	-10.357881546020508	-0.673182487487793
-9.073105812072754	-7.779910564422607	0.3270479440689087
-4.134231090545654	-3.1089954376220703	-0.239008367061615
-4.111169815063477	-2.6218137741088867	-0.34825101494789124
-4.300532341003418	-8.806447982788086	-0.7829996943473816
-5.212071895599365	-12.533846855163574	0.43053489923477173
-7.518511772155762	-8.263855934143066	3.358203172683716
-11.253523826599121	-4.106783866882324	-0.585841953754425
-11.452032089233398	-7.327004432678223	-3.0076534748077393
-14.394754409790039	-10.224294662475586	-0.23061907291412354
-7.023256778717041	-7.076580047607422	-0.07665276527404785
-2.222240447998047	-2.839820146560669	-0.8655804991722107
-1.8107155561447144	-2.117202043533325	-0.8177539706230164
-3.7038586139678955	-9.609847068786621	-2.1280527114868164
-4.483755588531494	-13.101033210754395	0.7870219945907593
-8.64151668548584	-11.631051063537598	6.914147853851318
-16.01873207092285	-9.192106246948242	0.23727495968341827
-14.713671684265137	-6.575311183929443	-0.09167876839637756
-12.818345069885254	-10.712099075317383	-0.6028887033462524
-7.695921897888184	-6.639265060424805	1.0214239358901978
-7.819319248199463	-3.992197275161743	-0.8229445815086365
-7.070537090301514	-4.510724067687988	-1.9526629447937012
-8.409490585327148	-7.085812568664551	-3.173830270767212
-7.9539594650268555	-10.092719078063965	-2.680251121520996
-5.548351764678955	-13.040459632873535	-0.6198779940605164
-6.705287456512451	-9.925689697265625	2.380650520324707
-3.7666730880737305	-7.980161666870117	-1.31821870803833
-3.180448055267334	-4.840836524963379	-0.22981463372707367
-3.937034845352173	-5.023446559906006	1.3756986856460571
-8.37496566772461	-6.0584893226623535	0.8375109434127808
-11.806804656982422	-8.492147445678711	1.7832973003387451
-14.36863899230957	-9.095745086669922	2.618356466293335
-12.287942886352539	-4.0354461669921875	1.8541271686553955
-10.545088768005371	-1.520777702331543	1.244362473487854
-10.180241584777832	-6.699368953704834	-2.017488479614258
-7.91653299331665	-9.507719993591309	-1.098680019378662
-6.332960605621338	-6.682753562927246	-2.2125775814056396
-6.204459190368652	-6.608264446258545	-2.1099045276641846
-4.8919477462768555	-6.424198627471924	-1.0621156692504883
-5.216161251068115	-6.6656012535095215	-1.6018933057785034
-7.511682987213135	-9.993886947631836	-0.9675926566123962
-7.437098979949951	-9.085555076599121	2.710303544998169
-10.441094398498535	-7.940168857574463	0.7222636342048645
-6.484111309051514	-5.480902194976807	-1.9792386293411255
-4.576688766479492	-3.5058486461639404	-1.2064381837844849
-4.842004776000977	-3.2169930934906006	-0.4996507167816162
-5.6413140296936035	-3.6729447841644287	-1.1046558618545532
-7.99329137802124	-5.536265850067139	-0.2981451451778412
-8.676222801208496	-5.082928657531738	-0.4764748513698578
-8.893310546875	-5.923503875732422	0.2742031216621399
-12.17760944366455	-9.812185287475586	-0.9264315962791443
-11.809610366821289	-11.502702713012695	-0.7612987160682678
-8.234224319458008	-9.348361015319824	1.2179304361343384
-5.258337497711182	-5.369514465332031	0.5741391777992249
-3.083434820175171	-4.668281555175781	-0.6720332503318787
-2.603924036026001	-4.707805156707764	-0.950287401676178
-2.8501248359680176	-3.368345022201538	-0.2768750488758087
-5.443045616149902	-5.985657691955566	0.9920997023582458
-7.422082424163818	-12.425610542297363	0.3573872745037079
-12.462011337280273	-11.247030258178711	-0.39390361309051514
-11.582764625549316	-6.673617362976074	0.4991048574447632
-8.190774917602539	-1.7312281131744385	1.279566764831543
-6.960662364959717	-2.928769588470459	0.007977480068802834
-11.07620906829834	-11.207152366638184	-2.050384759902954
-10.925010681152344	-7.466662406921387	-0.49637550115585327
-6.84334659576416	-7.306404113769531	2.5250589847564697
-1.5761412382125854	-3.9827449321746826	0.934370756149292
-0.9450775980949402	-5.0014777183532715	-0.5848939418792725
-5.364678382873535	-9.923314094543457	-1.9977219104766846
-6.741468906402588	-12.126181602478027	1.414570927619934
-9.87232780456543	-8.869205474853516	3.1677682399749756
-9.373950958251953	-6.318604946136475	-2.3923630714416504
-8.911917686462402	-1.7284986972808838	-0.8130038380622864
-10.523598670959473	-5.66493034362793	-1.4523993730545044
-12.397645950317383	-10.621703147888184	-2.25089430809021
-12.066183090209961	-9.427964210510254	1.476188063621521
-7.638288497924805	-8.210637092590332	2.3775382041931152
-2.3207571506500244	-4.0890092849731445	1.3631243705749512
-1.099867582321167	-3.699319362640381	1.1799967288970947
-5.218785285949707	-9.087968826293945	-2.271982431411743
-5.443772792816162	-12.619253158569336	-1.0659081935882568
-6.608733654022217	-13.101302146911621	3.72823166847229
-9.769376754760742	-7.499855995178223	2.380612373352051
-12.25267219543457	2.558300256729126	-5.580165863037109
-11.287530899047852	-10.945878028869629	-5.573462009429932
-15.19654369354248	-9.323700904846191	1.7356047630310059
-5.568827152252197	-7.178774356842041	0.9689429998397827
-2.7279343605041504	-0.9360945224761963	-0.250969797372818
-3.8925600051879883	-0.7128496170043945	-1.1962101459503174
-5.570330619812012	-11.842277526855469	-0.6162770986557007
-8.708889961242676	-10.896499633789062	1.7510521411895752
-9.680360794067383	-8.652626037597656	3.721508741378784
-11.61827564239502	-6.109131336212158	-0.13258130848407745
-10.823774337768555	-3.571526288986206	-2.830913543701172
-12.315715789794922	-9.190536499023438	-2.25256085395813
-7.698938369750977	-8.53817367553711	-0.09373778849840164
-4.901017189025879	-4.466871738433838	0.02698744274675846
-4.356374740600586	-1.9685413837432861	-0.6560016870498657
-4.840721607208252	-2.8362574577331543	-1.074843406677246
-7.266679763793945	-6.7992167472839355	-1.051657795906067
-10.640913963317871	-13.822836875915527	3.1136019229888916
-8.207869529724121	-13.212822914123535	2.3094661235809326
-9.534917831420898	-6.841009616851807	-0.6428719162940979
-6.9855146408081055	-3.589779853820801	-1.5846647024154663
-5.117050647735596	-1.418708086013794	-0.4281407296657562
-5.483880996704102	-3.351269483566284	-0.4097723960876465
-11.03537368774414	-9.067971229553223	-0.6543161869049072
-13.01288890838623	-10.52489185333252	-1.2101348638534546
-11.463045120239258	-9.305706977844238	2.126913070678711
-6.23745059967041	-5.538918495178223	1.017181396484375
-3.1364521980285645	-4.208144664764404	-1.5220993757247925
-3.8093855381011963	-4.253673076629639	-2.6805291175842285
-5.692290782928467	-7.5247650146484375	-2.18745756149292
-9.458600997924805	-11.928439140319824	-0.020752940326929092
-7.528816223144531	-9.898050308227539	2.63097882270813
-9.770785331726074	-8.481392860412598	2.7929606437683105
-6.801907539367676	-5.772190570831299	-0.9962560534477234
-4.6859025955200195	-4.708542346954346	0.1495322585105896
-5.0520524978637695	-4.411191940307617	0.20633231103420258
-7.539800643920898	-5.1172614097595215	0.40468713641166687
-11.173834800720215	-11.473426818847656	0.358287513256073
-7.403762340545654	-6.4068169593811035	0.854816198348999
-7.363807678222656	-7.581096172332764	0.8072386384010315
-6.226667404174805	-7.811044692993164	-1.6589710712432861
-3.8404624462127686	-7.102696418762207	2.8623831272125244
-3.549863815307617	-5.524045944213867	0.3278428316116333
-4.547881603240967	-5.286626815795898	-1.5600714683532715
-7.341129779815674	-9.610286712646484	-1.9532663822174072
-5.519946575164795	-10.283220291137695	2.7460153102874756
-8.598421096801758	-9.240920066833496	-3.2503013610839844
-8.283008575439453	-5.485901355743408	-1.9159647226333618
-5.808064937591553	-5.125659942626953	-1.2944968938827515
-5.539895534515381	-4.125103950500488	-0.5918083786964417
-5.639398574829102	-3.6499414443969727	-1.5805178880691528
-4.779190540313721	-4.553197383880615	-0.9305208921432495
-9.69156551361084	-12.410161972045898	-1.51741623878479
-11.327016830444336	-10.869867324829102	0.3859165906906128
-7.776932239532471	-12.07065486907959	3.636993408203125
-1.4129046201705933	-5.970008850097656	1.4402846097946167
-0.8654369115829468	-0.8644504547119141	-0.5202600359916687
-4.049246311187744	-5.019424915313721	-1.3233327865600586
-9.481671333312988	-11.74576187133789	-0.9748901724815369
-12.144702911376953	-9.576567649841309	1.717571496963501
-10.042938232421875	-4.777188777923584	-2.1358673572540283
-6.164504528045654	-0.8566932082176208	-2.3092074394226074
-7.182920932769775	-2.152655601501465	-2.0115604400634766
-12.775354385375977	-12.067925453186035	-1.8348299264907837
-7.13293981552124	-10.531720161437988	-0.2635345757007599
-4.659796237945557	-6.134538650512695	-0.49912402033805847
-2.121731996536255	-3.0948984622955322	-0.2317587286233902
-1.5964537858963013	-3.2476580142974854	0.03526180237531662
-8.546112060546875	-11.137798309326172	-0.8765555620193481
-10.464500427246094	-11.833686828613281	-0.560712456703186
-14.026765823364258	-7.8226518630981445	0.6634811758995056
-8.905721664428711	-2.8893418312072754	-1.3658058643341064
-4.748161792755127	0.1081891879439354	-0.388215035200119
-7.975344181060791	-7.013363838195801	-3.228140354156494
-13.103982925415039	-11.223443031311035	-0.8967817425727844
-7.841441631317139	-9.790704727172852	1.2133047580718994
-3.6325113773345947	-4.8025007247924805	0.9081590175628662
-1.6573046445846558	-0.4752490222454071	-0.4213794767856598
-5.266965866088867	-6.692397117614746	-1.5617952346801758
-10.42075252532959	-11.43738842010498	-0.21778616309165955
-9.194252014160156	-6.937046527862549	2.269904375076294
-8.322418212890625	-3.584761381149292	-1.0068576335906982
-6.394462585449219	-0.47888821363449097	-2.75028657913208
-13.194618225097656	-10.531010627746582	-1.6726754903793335
-13.473647117614746	-11.286688804626465	-0.06489244103431702
-5.326485633850098	-8.415360450744629	-0.6544215083122253
-1.858934760093689	-4.310999393463135	-1.4349790811538696
-0.4384261965751648	-1.3358592987060547	-0.07711245119571686
-5.016561031341553	-8.501627922058105	-0.5252590775489807
-11.343612670898438	-11.984684944152832	0.04900452122092247
-10.509453773498535	-8.475770950317383	3.414208173751831
-9.803317070007324	-4.31816291809082	-1.1524728536605835
-6.905567169189453	0.48450979590415955	-1.954377293586731
-10.163146018981934	-6.845808029174805	-3.0229671001434326
-12.822846412658691	-12.158560752868652	-0.57303786277771
-6.499386310577393	-8.119158744812012	0.8693538308143616
-2.2783799171447754	-3.5544798374176025	0.5961562395095825
-1.9435172080993652	-3.2339248657226562	-0.6149267554283142
-7.710353851318359	-9.840628623962402	-2.1342391967773438
-10.825411796569824	-10.635541915893555	0.9115779399871826
-9.874253273010254	-6.606320858001709	1.6794846057891846
-7.292853355407715	-2.819728136062622	-1.7020283937454224
-7.049123764038086	-2.5148887634277344	-2.3411941528320312
-12.630084037780762	-10.716523170471191	-2.226339340209961
-10.249252319335938	-9.910759925842285	0.6380930542945862
-4.05210018157959	-7.5063300132751465	0.8521729707717896
-2.0008630752563477	-2.0252935886383057	0.08056967705488205
-3.1156415939331055	-3.43660831451416	-0.9835284948348999
-8.107159614562988	-12.362010955810547	-0.15469415485858917
-9.840551376342773	-9.700471878051758	3.5726375579833984
-9.022578239440918	-6.753966331481934	1.1368818283081055
-9.442099571228027	-1.5716880559921265	-3.000988245010376
-10.089079856872559	-3.304439067840576	-1.933145523071289
-13.78023910522461	-8.663399696350098	-1.8253872394561768
-11.130250930786133	-9.43547248840332	1.278312087059021
-5.601205825805664	-7.645174503326416	0.9513983130455017
-2.1573193073272705	-5.207427024841309	-0.056273315101861954
-1.6168522834777832	-3.355971574783325	0.270937442779541
-7.091711521148682	-7.131809711456299	0.08824069797992706
-9.811074256896973	-9.307785034179688	1.1692322492599487
-11.777873039245605	-12.050074577331543	0.0862678736448288
-9.615860939025879	-7.126801490783691	-0.3952922523021698
-6.245303630828857	-2.9644718170166016	-1.612312912940979
-7.0481276512146	-2.6386497020721436	-0.4001094102859497
-8.778120040893555	-6.731249809265137	-2.926710367202759
-10.619405746459961	-8.065940856933594	-0.6803363561630249
-8.998712539672852	-7.176044940948486	3.0521185398101807
-5.453886032104492	-7.5120954513549805	1.9107645750045776
-2.600419282913208	-5.811005592346191	-0.6430251002311707
-1.867429494857788	-3.154686212539673	-0.11285308748483658
-3.0369107723236084	-4.589358806610107	-0.048707637935876846
-8.632026672363281	-13.21773624420166	-1.4313782453536987
-10.125922203063965	-11.32827091217041	0.9712510108947754
-10.758125305175781	-7.874921798706055	1.2704687118530273
-8.237011909484863	-1.7176673412322998	-1.5674264430999756
-5.959943771362305	-2.084660053253174	-0.6152907013893127
-11.6365385055542	-10.602377891540527	-0.9024800062179565
-10.793434143066406	-9.651975631713867	0.1577012836933136
-7.178755283355713	-7.235287189483643	4.071608066558838
-3.9283485412597656	-3.6532645225524902	-0.40199604630470276
-2.728738784790039	0.0981048122048378	0.6337069272994995
-6.907281398773193	-5.317473888397217	-0.3180457353591919
-14.288528442382812	-7.185793876647949	0.6616711616516113
-16.317184448242188	-5.25475549697876	0.7614902257919312
-13.64887523651123	-2.8563687801361084	1.6295703649520874
-11.51436710357666	-3.403367280960083	2.7380282878875732
-13.131468772888184	-7.736259460449219	0.8464747667312622
-14.11728572845459	-5.255043029785156	5.087573051452637
-11.46694278717041	-2.0096354484558105	2.2375729084014893
-3.748352527618408	-0.9466290473937988	1.7185771465301514
-4.118055820465088	1.4085184335708618	0.20751024782657623
-1.9672771692276	4.90065336227417	3.393244743347168
-1.2691471576690674	1.9335477352142334	10.482562065124512
-0.5560294389724731	3.5304324626922607	8.869540214538574
1.7742950916290283	2.3165624141693115	11.046856880187988
-0.8796584606170654	3.045549154281616	12.116096496582031
-2.5930161476135254	5.05805778503418	10.076687812805176
1.0218740701675415	2.213228702545166	9.50089168548584
0.7107809782028198	2.7406809329986572	8.099746704101562
1.1863268613815308	2.7671704292297363	8.38155460357666
-0.1647881120443344	2.570309638977051	9.049842834472656
-0.03160346299409866	2.7770726680755615	8.853249549865723
