#Sensor Monitor 1.0#Sensor data: Acceleration
#Tue May 18 14:48:07 GMT+08:00 2021

#X(m/s²)	Y(m/s²)	Z(m/s²)
0.296268105506897	1.7150145769119263	9.693031311035156
-0.5549567937850952	2.53098726272583	9.463187217712402
-0.4231990873813629	3.3104147911071777	8.786959648132324
-1.337056279182434	3.4230763912200928	6.43532657623291
-3.3170325756073	3.593763589859009	9.536746978759766
-2.6597282886505127	1.715148687362671	8.396273612976074
-2.5472679138183594	4.2404375076293945	7.892006874084473
-1.4219642877578735	4.940464019775391	4.45651912689209
-3.1907334327697754	3.2979648113250732	1.5252597332000732
-3.9284253120422363	0.7274159789085388	5.338303565979004
-6.9063239097595215	0.19980092346668243	5.712373733520508
-6.725523471832275	-0.15356409549713135	7.272894859313965
-8.48208236694336	-0.7061554789543152	8.760939598083496
-10.479334831237793	0.15308524668216705	8.08527660369873
-6.127030372619629	-2.152540445327759	4.40231466293335
-9.734029769897461	-3.587519884109497	5.15493631362915
-8.402814865112305	-7.79607629776001	4.1015167236328125
-11.73083209991455	-5.584063529968262	3.848947286605835
-8.426928520202637	-6.17840051651001	2.358614206314087
-7.227616310119629	-5.414247512817383	1.013274073600769
-7.31845235824585	-5.397201061248779	1.1914888620376587
-7.537118911743164	-5.350255489349365	0.8446935415267944
-7.5977020263671875	-5.915047645568848	0.839550793170929
-7.63296365737915	-6.084911823272705	0.6672544479370117
-8.394712448120117	-7.901449680328369	0.07704541087150574
-9.924023628234863	-8.072223663330078	0.5364735722541809
-8.552577018737793	-8.990045547485352	0.1455100029706955
-8.796125411987305	-8.585415840148926	-0.8206461668014526
-5.7928667068481445	-7.891097068786621	-1.4542763233184814
-4.682905197143555	-5.218038082122803	0.4908592104911804
-3.5231826305389404	-4.648859977722168	0.8305389881134033
-4.059608459472656	-4.964951515197754	-0.48682740330696106
-5.845510482788086	-6.325442314147949	-0.3546004295349121
-5.939870834350586	-9.522104263305664	0.7865813970565796
-7.844084739685059	-11.786836624145508	-0.19836439192295074
-8.878888130187988	-10.56063175201416	-0.18884505331516266
-6.143071174621582	-8.427848815917969	0.9626414775848389
-3.898756265640259	-5.314217567443848	0.9165482521057129
-3.358949899673462	-4.709011554718018	-0.25319162011146545
-4.237468719482422	-3.974987745285034	-0.5152513384819031
-7.085965156555176	-7.84935188293457	0.044206537306308746
-7.65331506729126	-11.987337112426758	0.5778070688247681
-8.543651580810547	-8.14452838897705	-0.3339719772338867
-8.131858825683594	-6.071704864501953	0.4244057536125183
-5.848872184753418	-5.32913875579834	0.15327680110931396
-5.938319206237793	-5.6099019050598145	0.7553131580352783
-6.855030059814453	-10.679824829101562	-0.8031972050666809
-8.556436538696289	-11.559751510620117	-0.9067032933235168
-6.95041561126709	-9.366902351379395	0.7437252402305603
-4.609135150909424	-6.390114784240723	2.1100289821624756
-2.9376089572906494	-3.7428364753723145	1.0954622030258179
-3.304439067840576	-4.111744403839111	-0.7502949237823486
-4.810142517089844	-8.674681663513184	-1.2705357074737549
-6.419649600982666	-12.250307083129883	0.0700160339474678
-8.449616432189941	-10.415888786315918	-0.8692675828933716
-8.101921081542969	-8.056939125061035	-0.6451894640922546
-6.386207580566406	-3.4705581665039062	0.5203366875648499
-6.82363748550415	-3.7717294692993164	-0.07575254142284393
-7.357602119445801	-11.162888526916504	-2.4538557529449463
-9.926244735717773	-11.16146183013916	-0.647219717502594
-6.566567420959473	-8.809110641479492	1.6531866788864136
-2.8609559535980225	-4.551645278930664	1.9076616764068604
-2.817936897277832	-2.812238931655884	0.06962338089942932
-5.224923610687256	-7.477359771728516	-1.2167141437530518
-6.248971462249756	-12.503890991210938	-0.9279351234436035
-9.194491386413574	-8.276256561279297	1.599968433380127
-6.889066219329834	-6.370750427246094	-0.6739294528961182
-5.224349021911621	-3.965200185775757	-0.5372205972671509
-7.931674480438232	-7.216583728790283	-1.3471119403839111
-8.584754943847656	-10.69086742401123	-1.7603895664215088
-7.269658088684082	-8.603190422058105	0.9252153038978577
-4.453952789306641	-4.740960121154785	1.824994683265686
-3.005441427230835	-3.3903141021728516	0.35000357031822205
-6.917308807373047	-9.840494155883789	-1.8069902658462524
-6.739208698272705	-12.348938941955566	0.6079069972038269
-9.598670959472656	-7.013009071350098	2.080226182937622
-8.253923416137695	-7.030142784118652	-0.8275126814842224
-7.5084943771362305	-6.558168411254883	-1.8481992483139038
-9.232645034790039	-9.300467491149902	-1.1374086141586304
-8.652434349060059	-10.728973388671875	-1.557983636856079
-6.650010108947754	-10.425215721130371	1.3144359588623047
-6.09760046005249	-6.587406635284424	1.4811872243881226
-5.028158664703369	-4.847214221954346	-0.26525840163230896
-5.538363456726074	-5.435680866241455	-1.399755597114563
-6.758429050445557	-8.285489082336426	-0.6248387694358826
-7.270998954772949	-13.132148742675781	-1.7664515972137451
-5.776088237762451	-10.206433296203613	1.569571614265442
-4.337345123291016	-6.747109413146973	-0.48067906498908997
-3.299631357192993	-4.978733062744141	-2.7598443031311035
-3.6993863582611084	-5.203921794891357	-0.3683335483074188
-5.823359489440918	-6.265721797943115	1.5636051893234253
-7.0965576171875	-9.025517463684082	2.3593897819519043
-10.03029727935791	-9.250314712524414	1.3559322357177734
-11.941664695739746	-9.27945613861084	0.3770867586135864
-8.900023460388184	-5.199142932891846	-0.175035297870636
-8.035553932189941	-4.097072601318359	-0.6540958881378174
-6.935082912445068	-8.925143241882324	-1.199705719947815
-5.419467449188232	-9.621769905090332	-0.016452953219413757
-3.45499587059021	-8.073678970336914	1.636561393737793
-4.6934685707092285	-7.404423236846924	-1.2374000549316406
-4.382959365844727	-7.6866230964660645	-0.12504436075687408
-6.017596244812012	-7.364698886871338	-0.037071820348501205
-8.180651664733887	-7.319687366485596	-0.881449282169342
-7.473788261413574	-7.374600887298584	-1.2188210487365723
-9.437511444091797	-7.9119367599487305	-0.2764728367328644
-7.179569244384766	-8.072558403015137	-2.036316394805908
-5.492193222045898	-6.426621437072754	-1.3518046140670776
-3.2030396461486816	-5.168114185333252	0.11374373733997345
-4.321515083312988	-4.172403812408447	-0.5920478105545044
-5.227251052856445	-4.808801651000977	-1.707353115081787
-5.780733108520508	-6.689294338226318	-1.1314997673034668
-5.5987067222595215	-8.233708381652832	-0.07852023839950562
-9.108625411987305	-11.840084075927734	-1.698667049407959
-9.62925910949707	-8.716426849365234	-0.2925427258014679
-7.439723014831543	-8.838194847106934	2.1754770278930664
-4.3328537940979	-7.375280857086182	0.753943681716919
-4.4627532958984375	-3.9342479705810547	-0.12625104188919067
-4.620818614959717	-3.673442840576172	-1.2377160787582397
-4.610150337219238	-4.916723251342773	-1.0378384590148926
-8.934087753295898	-10.264833450317383	-0.1150653287768364
-5.380498886108398	-11.506226539611816	1.2697601318359375
-9.417736053466797	-8.514815330505371	-0.49113696813583374
-8.07558536529541	-6.048701763153076	-1.990070104598999
-6.712987422943115	-4.046478748321533	0.3456844091415405
-6.893040657043457	-4.012011528015137	0.42283517122268677
-8.794228553771973	-11.198524475097656	-1.8192293643951416
-7.399529457092285	-11.18954086303711	-1.1187626123428345
-5.578384876251221	-8.82068920135498	0.5190820693969727
-3.3721277713775635	-4.292612075805664	0.955803632736206
-3.1224794387817383	-2.2335987091064453	0.5433018207550049
-6.004322528839111	-8.83322525024414	-1.577903389930725
-5.461480617523193	-13.316387176513672	-0.7612699866294861
-8.603621482849121	-9.17554759979248	3.194382429122925
-9.75015640258789	-6.3861308097839355	-1.097636103630066
-7.691028118133545	-2.8053817749023438	-1.3389238119125366
-10.101951599121094	-7.8086700439453125	-1.3543040752410889
-10.228412628173828	-10.577669143676758	-1.3765989542007446
-7.177184581756592	-9.57884693145752	1.1546565294265747
-2.7753586769104004	-4.9789719581604	1.1716169118881226
-3.2278435230255127	-1.5422489643096924	0.6294164657592773
-5.066350936889648	-6.901037693023682	-1.5630977153778076
-6.134059429168701	-13.315190315246582	-1.1355794668197632
-7.9230265617370605	-10.141886711120605	1.4189763069152832
-7.277137756347656	-5.356356143951416	0.16584156453609467
-6.48894739151001	-4.921453952789307	-0.9260771870613098
-10.769396781921387	-8.9252290725708	-2.622684955596924
-10.084712982177734	-9.897046089172363	-0.7975372672080994
-5.2440104484558105	-7.4149861335754395	1.609420657157898
-2.1412112712860107	-1.8909308910369873	0.9463417530059814
-4.33588981628418	-4.755852222442627	-1.4942213296890259
-5.5344367027282715	-12.670354843139648	-1.4021880626678467
-5.557267665863037	-10.547234535217285	1.200558066368103
-7.5925116539001465	-5.279703140258789	2.9021077156066895
-7.1472954750061035	-5.699847221374512	-1.9301862716674805
-8.822518348693848	-12.306445121765137	-3.283360242843628
-8.891633987426758	-9.791691780090332	0.1477797031402588
-7.344749927520752	-5.8893914222717285	2.707296133041382
-4.142131805419922	-5.225469589233398	-0.019345149397850037
-3.240992546081543	-5.271495819091797	-1.5399506092071533
-6.957272529602051	-10.62475872039795	-1.9492344856262207
-6.188302516937256	-16.412904739379883	-0.506249189376831
-5.429455757141113	-11.892239570617676	3.4596500396728516
-9.154756546020508	-6.37294340133667	1.3224517107009888
-6.501473426818848	-4.517446994781494	-1.2298343181610107
-6.481056213378906	-5.252974033355713	-1.290053367614746
-8.234234809875488	-9.797466278076172	-0.5922680497169495
-8.80810546875	-10.314258575439453	1.943019151687622
-8.333009719848633	-3.8676414489746094	1.6319836378097534
-7.486103534698486	-7.833760738372803	-1.9062250852584839
-7.243398666381836	-9.32333755493164	-2.095280647277832
-5.945817947387695	-8.19642448425293	0.3561614453792572
-4.002808570861816	-7.886787414550781	-1.3724617958068848
-3.694607734680176	-8.046069145202637	-2.244880199432373
-6.074377059936523	-8.67151165008545	-1.5644958019256592
-6.6509199142456055	-10.296465873718262	0.1954817771911621
-7.005788803100586	-9.150782585144043	1.7555627822875977
-6.842925071716309	-7.134586811065674	-1.2487198114395142
-4.776710033416748	-4.818445682525635	-1.4428224563598633
-4.159101963043213	-4.4390034675598145	-0.11473014950752258
-6.5345234870910645	-5.905806064605713	-0.768328070640564
-7.885571479797363	-8.070174217224121	-0.42195409536361694
-10.456168174743652	-10.931915283203125	-0.47335284948349
-8.964934349060059	-4.262435436248779	0.28015992045402527
-7.696793556213379	-7.2445478439331055	-1.6071605682373047
-7.395181655883789	-8.757051467895508	-1.052682638168335
-5.249497890472412	-6.479102611541748	1.9979517459869385
-4.410292148590088	-5.969041347503662	0.03154600039124489
-4.467484474182129	-6.0891923904418945	-1.1385482549667358
-4.644100189208984	-5.499375820159912	-0.9015797972679138
-2.907719612121582	-4.144267559051514	0.4089679419994354
-4.491034030914307	-7.826357841491699	-0.040653545409440994
-5.254544734954834	-12.48946762084961	0.02886449545621872
-9.28942584991455	-11.575639724731445	1.0391793251037598
-11.345173835754395	-8.808804512023926	-1.644443154335022
-7.843040943145752	-3.80094838142395	-0.6232298612594604
-6.886873722076416	-2.572751760482788	0.2574341297149658
-7.507134437561035	-9.645730972290039	-2.390514612197876
-9.642350196838379	-9.028525352478027	-0.9968019127845764
-7.937295913696289	-8.109630584716797	2.7733089923858643
-3.8234732151031494	-4.598936080932617	1.6580134630203247
-3.8201210498809814	-3.152656078338623	0.19851762056350708
-6.9695305824279785	-10.30236530303955	-1.4984829425811768
-8.052667617797852	-13.264060020446777	0.5806992650032043
-6.146873474121094	-9.05972671508789	0.4443063735961914
-6.652126312255859	-6.230191707611084	-0.797556459903717
-5.340851306915283	-2.8172285556793213	-2.410989761352539
-6.8726806640625	-4.983425140380859	-2.4648594856262207
-9.236897468566895	-11.725966453552246	-2.496108293533325
-6.259908676147461	-9.583280563354492	0.9314115047454834
-3.337651014328003	-6.648458480834961	1.7529387474060059
-3.947904586791992	-3.3740813732147217	1.0217878818511963
-4.266371726989746	-5.777706623077393	-0.8507747650146484
-5.641074180603027	-11.0657320022583	-0.5406203269958496
-9.46573543548584	-10.694822311401367	1.5147347450256348
-10.514759063720703	-7.041404724121094	-0.8504395484924316
-8.509720802307129	-2.6125431060791016	-0.6098989248275757
-8.124436378479004	-3.756990909576416	-0.9032078385353088
-9.36843490600586	-10.994240760803223	-1.5325285196304321
-7.8901777267456055	-11.208599090576172	0.8980363011360168
-2.9585535526275635	-6.236177444458008	2.0877246856689453
-1.5218791961669922	-1.8810093402862549	0.9336716532707214
-4.517446994781494	-8.21033000946045	-1.6513478755950928
-6.102503776550293	-13.6205472946167	-0.624043881893158
-7.87337064743042	-11.589459419250488	2.5128774642944336
-9.125720024108887	-7.30143404006958	-1.0843051671981812
-6.77207612991333	-2.388120412826538	-3.2622244358062744
-7.732246398925781	-5.7706193923950195	-3.2813491821289062
-8.995168685913086	-11.957944869995117	-3.0989396572113037
-6.9791460037231445	-8.390881538391113	2.5599474906921387
-2.580355644226074	-4.500351905822754	2.8198909759521484
-2.650879383087158	-2.14870023727417	1.0147584676742554
-4.779985427856445	-8.201385498046875	-0.42255744338035583
-5.6458916664123535	-12.847620964050293	-0.8054860830307007
-7.781452655792236	-8.271267890930176	4.484550476074219
-10.6285982131958	-9.121601104736328	0.48117709159851074
-11.734950065612793	-11.436248779296875	-2.9987664222717285
-8.068459510803223	-11.18867015838623	-0.12657664716243744
-5.028656959533691	-10.50902271270752	0.20268353819847107
-5.28876256942749	-6.381725788116455	0.2593111991882324
-3.312837600708008	-3.8616080284118652	-0.10267294198274612
-3.2137560844421387	-4.851964950561523	-1.4725489616394043
-8.063528060913086	-12.408324241638184	-1.725347876548767
-7.052350997924805	-12.021496772766113	-0.45175713300704956
-6.968677997589111	-7.175250053405762	-0.40245571732521057
-5.987697124481201	-4.430814743041992	-2.4274330139160156
-4.5121989250183105	-4.701282978057861	-0.21666568517684937
-5.9077887535095215	-7.138906478881836	-0.49303317070007324
-6.624143123626709	-9.024090766906738	0.3681612014770508
-8.31843376159668	-11.786319732666016	-0.7716224789619446
-7.036654949188232	-5.631038188934326	0.9555450677871704
-6.290247917175293	-7.250054836273193	-1.213189959526062
-5.104246616363525	-8.881922721862793	-0.9715765714645386
-3.9493794441223145	-8.046538352966309	1.119251012802124
-5.560638904571533	-8.456109046936035	0.30341237783432007
-6.153347015380859	-6.578701019287109	-0.7193139791488647
-6.391665935516357	-3.475844383239746	-0.8376545310020447
-5.741496562957764	-6.665878772735596	-1.3199424743652344
-6.658926486968994	-8.802626609802246	-1.2231497764587402
-8.651141166687012	-8.659884452819824	-2.527596950531006
-7.062311172485352	-8.501388549804688	-0.616679310798645
-4.629342079162598	-6.558436393737793	-0.49659574031829834
-3.8942360877990723	-4.888366222381592	-1.178694248199463
-3.639177083969116	-5.168880462646484	-1.6294265985488892
-3.8183014392852783	-6.069521427154541	-0.6085007190704346
-8.125882148742676	-11.906584739685059	-1.0108894109725952
-8.507747650146484	-11.997335433959961	0.19015707075595856
-7.46442174911499	-8.58045482635498	2.515108823776245
-5.1173858642578125	-7.078188896179199	-1.0501351356506348
-4.1222310066223145	-3.5136537551879883	-0.735508382320404
-3.7560715675354004	-2.2018611431121826	0.2578267753124237
-9.351675033569336	-10.66955852508545	-0.9227349162101746
-7.2041239738464355	-11.313436508178711	0.957632839679718
-11.19608211517334	-7.574286937713623	-0.6814855933189392
-9.105656623840332	-6.522495269775391	-0.8769195079803467
-5.375174522399902	-2.8095955848693848	-0.779370129108429
-4.887542247772217	-4.070995330810547	-0.5474486351013184
-7.751170635223389	-12.347195625305176	-2.016664743423462
-9.179378509521484	-9.55027961730957	-0.38424062728881836
-6.347689628601074	-8.35417366027832	0.9570581912994385
-3.325737714767456	-4.337843418121338	0.39067625999450684
-2.3419697284698486	-2.1634199619293213	-0.4649156630039215
-5.662593364715576	-9.725112915039062	-1.2832059860229492
-8.141569137573242	-11.559981346130371	0.3218573331832886
-10.421796798706055	-7.716569423675537	0.9797264933586121
-7.773254871368408	-6.31394100189209	-1.4471992254257202
-5.830053806304932	-2.448904514312744	-0.5203461647033691
-8.660191535949707	-6.931644916534424	-1.9242103099822998
-10.508792877197266	-10.285557746887207	-1.6634337902069092
-8.171133041381836	-8.7102689743042	1.8753015995025635
-3.588238000869751	-5.889410495758057	0.15480908751487732
-1.8401546478271484	-2.1101250648498535	-0.7567592859268188
-3.3241190910339355	-8.729690551757812	-1.8284517526626587
-9.094173431396484	-13.982693672180176	-0.23124158382415771
-8.497471809387207	-9.372811317443848	2.4834096431732178
-8.252220153808594	-4.442584991455078	-1.655293583869934
-5.148883819580078	-1.6697545051574707	-2.1874289512634277
-9.405228614807129	-9.114601135253906	-3.2844138145446777
-12.782106399536133	-12.062801361083984	-1.1156501770019531
-5.229673862457275	-9.143743515014648	2.987609386444092
-2.7859888076782227	-3.611222505569458	0.201170414686203
-2.0007097721099854	-2.266437530517578	-0.7312466502189636
-4.981529235839844	-11.701794624328613	-1.8982666730880737
-8.474506378173828	-12.281220436096191	2.542555809020996
-9.703450202941895	-7.578912734985352	0.8987354040145874
-8.807673454284668	-5.093827247619629	-2.471381187438965
-7.386849403381348	-3.55586838722229	-1.7239880561828613
-9.542205810546875	-6.642118453979492	-1.862363338470459
-9.447060585021973	-11.625391960144043	-0.8939087390899658
-6.557833671569824	-7.835570812225342	2.316466808319092
-4.915918350219727	-3.533496856689453	0.4965287148952484
-3.9513139724731445	-3.0656700134277344	-1.0890841484069824
-5.15564489364624	-6.492117404937744	-1.0955101251602173
-10.219305992126465	-15.037569046020508	-1.1779568195343018
-9.531373977661133	-12.385244369506836	0.5727696418762207
-9.27478313446045	-7.331294536590576	0.555828332901001
-5.400610446929932	-5.566097736358643	-1.7474608421325684
-5.050127983093262	-3.217519760131836	-0.7843979597091675
-4.800374507904053	-4.290821075439453	-1.2481452226638794
-9.267399787902832	-10.369977951049805	-0.5530222654342651
-9.960186004638672	-10.600740432739258	-1.7770051956176758
-7.6169514656066895	-8.636958122253418	1.3029245138168335
-5.1367692947387695	-6.891777038574219	0.172411248087883
-4.610734462738037	-5.283811569213867	-0.3264445960521698
-4.251173496246338	-6.215022087097168	-0.5674928426742554
-5.887849807739258	-7.499875068664551	-0.8058403730392456
-8.969943046569824	-11.339073181152344	-0.6899897456169128
-7.127346515655518	-8.97562313079834	1.0855790376663208
-8.095725059509277	-7.432751655578613	1.0200448036193848
-6.572878360748291	-6.326888561248779	-2.2640814781188965
-4.7691826820373535	-4.760305404663086	-2.0262703895568848
-5.162118911743164	-4.437260150909424	-0.9287108182907104
-5.89541482925415	-5.644004821777344	-0.6891661882400513
-8.691268920898438	-10.545242309570312	-0.4365970492362976
-8.017243385314941	-6.926090240478516	-0.10419565439224243
-8.594504356384277	-8.772786140441895	-0.9862195253372192
-7.203693389892578	-7.962540149688721	-0.31091102957725525
-5.521374225616455	-5.482865810394287	1.8635507822036743
-4.785702705383301	-4.908276557922363	-0.11884817481040955
-4.255013465881348	-5.188196659088135	-1.0568197965621948
-3.6211342811584473	-5.478680610656738	-0.7959763407707214
-2.3833320140838623	-2.7212305068969727	0.7919923663139343
-6.685875415802002	-10.781904220581055	-0.7582724094390869
-9.300305366516113	-12.450922012329102	-0.15659993886947632
-9.26621150970459	-9.14949893951416	0.33393368124961853
-8.47853946685791	-4.536868572235107	-0.5131827592849731
-5.847837924957275	-2.8699870109558105	-0.9904716610908508
-8.134530067443848	-9.099977493286133	-2.1529908180236816
-9.767021179199219	-11.063241958618164	-1.5173014402389526
-7.1957926750183105	-7.6638970375061035	2.654470443725586
-4.727188587188721	-6.282844543457031	1.0666167736053467
-2.929229259490967	-3.867114543914795	-0.5721279978752136
-4.519045829772949	-6.205301761627197	-0.5759587287902832
-7.250504970550537	-11.060895919799805	-0.6191405653953552
-10.028324127197266	-8.325750350952148	1.4179515838623047
-10.493728637695312	-6.56624174118042	-1.3927454948425293
-5.213967800140381	-4.391607284545898	-0.16637787222862244
-4.1319899559021	-2.8979129791259766	-0.6143904328346252
-9.578636169433594	-10.152966499328613	-2.8379430770874023
-11.038984298706055	-12.455384254455566	-0.03106716088950634
-7.051517486572266	-10.656697273254395	2.2386839389801025
-4.048892021179199	-4.64771032333374	0.6355647444725037
-2.6113271713256836	-2.0148355960845947	-0.5058086514472961
-3.605945587158203	-5.2115159034729	-0.7762959599494934
-6.130545139312744	-12.0219087600708	-1.2304089069366455
-8.992535591125488	-11.078890800476074	1.2006826400756836
-9.794573783874512	-6.821760654449463	-0.20231004059314728
-6.552116394042969	-3.376878023147583	-0.5447958111763
-6.635491847991943	-2.148604393005371	-0.4523700475692749
-9.765106201171875	-10.408140182495117	-3.0898706912994385
-10.551831245422363	-10.106250762939453	-1.0002591609954834
-7.315033435821533	-8.149556159973145	2.447314739227295
-4.014520645141602	-2.9893906116485596	0.2751416563987732
-3.158909559249878	-1.4011826515197754	-0.6027737855911255
-5.508655548095703	-10.3115873336792	-1.4459445476531982
-6.990207195281982	-13.7785062789917	-0.26201188564300537
-9.359442710876465	-8.77784252166748	1.6151283979415894
-8.31189250946045	-5.974452495574951	-0.8020479679107666
-6.081703186035156	-1.6506009101867676	-1.8943977355957031
-9.651744842529297	-7.303560256958008	-1.9417645931243896
-11.356761932373047	-12.560164451599121	-1.514706015586853
-7.735579490661621	-7.241990566253662	2.66652774810791
-3.935014247894287	-4.629610538482666	1.3732279539108276
-3.507371425628662	-1.9060814380645752	-1.5378340482711792
-5.095627307891846	-9.541459083557129	-2.1800642013549805
-6.907089710235596	-12.850954055786133	-0.07526411861181259
-7.115232467651367	-7.5272746086120605	3.738708734512329
-9.018967628479004	-6.585309028625488	0.2530575394630432
-7.390230655670166	-6.370453834533691	-2.07289981842041
-8.462191581726074	-6.354403018951416	-1.0173442363739014
-10.177224159240723	-10.885621070861816	-0.7847426533699036
-7.781893253326416	-12.229256629943848	0.5937141180038452
-4.168697834014893	-10.010358810424805	2.2409825325012207
-3.8080735206604004	-7.853815078735352	2.0613021850585938
-5.202121734619141	-5.402410507202148	-0.7333822846412659
-4.892704486846924	-6.954322814941406	0.1252359002828598
-8.196663856506348	-10.36750602722168	-1.459505319595337
-6.927354335784912	-9.939729690551758	1.9501731395721436
-9.442022323608398	-7.062272548675537	2.173638105392456
-6.619852542877197	-4.821318626403809	-1.9332029819488525
-4.363135814666748	-4.64888858795166	-0.9620668292045593
-4.306881427764893	-6.9833598136901855	-1.4906970262527466
-6.775418281555176	-8.057273864746094	-0.4261775016784668
-8.524133682250977	-11.72242259979248	1.1996099948883057
-8.459308624267578	-5.082411289215088	1.5737757682800293
-6.56989049911499	-8.5294771194458	-1.4364731311798096
-5.813159942626953	-8.512248992919922	-2.043498992919922
-5.805306911468506	-7.031569480895996	0.16070838272571564
-6.726356506347656	-5.60844612121582	0.2607381343841553
-5.462102890014648	-4.56170129776001	-1.8347342014312744
-7.16594123840332	-6.226476192474365	-1.6793217658996582
-8.1129150390625	-9.014409065246582	-0.7119494080543518
-7.321727752685547	-9.943655967712402	-2.434539318084717
-6.857893943786621	-8.412678718566895	-1.4265611171722412
-5.47290563583374	-5.915746688842773	-1.013082504272461
-4.785099506378174	-4.684897422790527	-0.7177146673202515
-4.665207386016846	-4.0072712898254395	-1.2094836235046387
-3.8194029331207275	-3.430335760116577	-0.381836861371994
-7.20878791809082	-10.613717079162598	-1.5822513103485107
-10.8071870803833	-11.349702835083008	-2.770033836364746
-9.111785888671875	-7.681126117706299	2.742692232131958
-3.874086380004883	-3.501835823059082	1.3163800239562988
-3.6833739280700684	-0.9112810492515564	-0.5917029976844788
-7.075699329376221	-9.898271560668945	-1.2312229871749878
-7.9153361320495605	-12.568696975708008	-0.09188945591449738
-11.306282043457031	-8.260215759277344	0.38103240728378296
-9.654388427734375	-3.8782429695129395	-0.5100415945053101
-5.730627059936523	-1.730337381362915	0.16900190711021423
-9.485932350158691	-9.491256713867188	-1.7135014533996582
-9.492425918579102	-12.344284057617188	0.042951975017786026
-6.80965518951416	-7.66560173034668	0.7668149471282959
-5.020430088043213	-5.444462299346924	-0.2327834516763687
-0.6152907013893127	-4.5868306159973145	-2.0076818466186523
-3.5566153526306152	-5.002818584442139	-0.20295168459415436
-6.355810642242432	-12.703394889831543	-0.3512868583202362
-8.976571083068848	-10.378748893737793	0.2699414789676666
-10.969743728637695	-6.44570779800415	-1.4478695392608643
-8.754916191101074	-2.3501484394073486	-1.5711039304733276
-6.9532599449157715	-3.5041823387145996	-0.9982959032058716
-9.012742042541504	-11.297510147094727	-1.2121365070343018
-6.987851142883301	-8.940792083740234	1.409686803817749
-5.44739294052124	-7.222320079803467	0.9291226267814636
-4.121417045593262	-2.3333122730255127	0.45418962836265564
-3.830904722213745	-3.7561099529266357	0.8468961715698242
-7.8787336349487305	-12.353497505187988	-1.5454379320144653
-7.050981521606445	-11.825268745422363	0.9505746960639954
-9.335596084594727	-5.0306010246276855	0.9335662722587585
-5.611510753631592	-3.273381233215332	-0.7064331769943237
-6.012932300567627	-6.355350971221924	-1.1192700862884521
-9.378318786621094	-12.14043140411377	-3.255587577819824
-9.017205238342285	-9.23073959350586	0.23874978721141815
-4.766319274902344	-3.7455177307128906	2.891008138656616
-3.534588575363159	-1.4350844621658325	0.26637887954711914
-5.679659366607666	-8.743729591369629	-1.571812629699707
-8.743529319763184	-12.37559986114502	-0.23249614238739014
-6.708112716674805	-9.809561729431152	2.406642198562622
-7.55157995223999	-5.623663425445557	0.7245045900344849
-6.7846503257751465	-4.381839275360107	-1.6315909624099731
-10.552511215209961	-11.7559232711792	-2.7173805236816406
-7.853364944458008	-8.700241088867188	-1.225227952003479
-5.450965404510498	-4.5727338790893555	2.1904168128967285
-4.832150459289551	-3.101966142654419	0.4700392484664917
-4.311181545257568	-4.860057353973389	-1.6973644495010376
-9.014781951904297	-10.066707611083984	0.06830178946256638
-8.472131729125977	-14.718326568603516	1.256888747215271
-9.872021675109863	-9.58760929107666	4.511470794677734
-6.994631290435791	-6.619814395904541	0.4057788550853729
-5.791506767272949	-2.9675557613372803	-0.37352418899536133
-5.582674980163574	-3.512322425842285	-0.6063267588615417
-10.301972389221191	-8.465926170349121	-1.2200181484222412
-12.502511978149414	-12.438519477844238	-2.4297890663146973
-8.893932342529297	-10.605853080749512	0.3137361705303192
-6.346396446228027	-6.919166564941406	0.5313787460327148
-4.596627712249756	-4.935014724731445	-1.0340653657913208
-4.263402938842773	-5.780253887176514	-1.4083460569381714
-5.6069231033325195	-8.604875564575195	-1.8941199779510498
-6.488315582275391	-7.741057395935059	-0.4937993288040161
-8.24826431274414	-8.991931915283203	0.07387548685073853
-5.381849765777588	-9.205102920532227	1.2995439767837524
-6.6090407371521	-7.338247776031494	1.1692228317260742
-5.418825149536133	-4.55109977722168	-0.4855440855026245
-5.315836429595947	-4.723970890045166	1.147473931312561
-7.981588363647461	-4.978905200958252	1.1242595911026
-8.811686515808105	-6.171849727630615	2.4519593715667725
-9.643001556396484	-7.070547103881836	1.7574589252471924
-8.513014793395996	-10.686039924621582	-0.03656424582004547
-6.072902202606201	-7.134883880615234	1.833546757698059
-6.670686721801758	-7.904140949249268	-0.4790414571762085
-5.2898640632629395	-7.2677717208862305	-1.1494945287704468
-4.960891246795654	-6.827123641967773	-0.6459652185440063
-4.234806537628174	-5.966485023498535	-0.9881636500358582
-5.595393180847168	-5.27529764175415	0.4204218089580536
-5.561663627624512	-4.541656970977783	0.6345113515853882
-4.324483871459961	-6.688068389892578	1.222881555557251
-3.2722415924072266	-4.940502643585205	0.6847225427627563
-6.06846809387207	-8.735062599182129	0.9073833227157593
-8.306463241577148	-12.713680267333984	-0.9883168935775757
-7.591007709503174	-10.263118743896484	0.40743565559387207
-5.939995288848877	-6.481008529663086	-1.9510061740875244
-3.964970350265503	-4.894016742706299	0.2594357132911682
-9.040926933288574	-7.688394546508789	-0.18051323294639587
-10.20132064819336	-10.991886138916016	-0.31966423988342285
-9.184196472167969	-8.024904251098633	2.2409536838531494
-6.749523162841797	-5.927258491516113	1.2969869375228882
-3.970132350921631	-4.864078998565674	-0.6612976789474487
-3.363862991333008	-3.146976947784424	-0.688859760761261
-6.55853271484375	-8.456780433654785	0.36136165261268616
-7.920019149780273	-8.849735260009766	0.9525283575057983
-10.782842636108398	-6.585912704467773	0.40059784054756165
-8.406731605529785	-3.9025487899780273	-0.8860270380973816
-5.676671504974365	-2.803744316101074	-0.8875593543052673
-10.027702331542969	-10.978631019592285	-1.875770926475525
-10.169246673583984	-8.042228698730469	-1.5733832120895386
-10.061929702758789	-6.558207035064697	2.1428678035736084
-5.713465213775635	-5.630913734436035	0.5180573463439941
-3.1121270656585693	-2.588524580001831	-0.034352004528045654
-4.72877836227417	-4.665073394775391	-0.9289502501487732
-7.119379043579102	-11.707828521728516	-0.0778498575091362
-8.36874008178711	-9.1273193359375	2.1528468132019043
-9.50853443145752	-6.617870807647705	-0.9617891311645508
-7.893529891967773	-1.9645764827728271	-1.3214269876480103
-7.235823154449463	-4.298731803894043	-2.13765811920166
-11.261300086975098	-11.735639572143555	-2.7616350650787354
-8.932738304138184	-8.862492561340332	1.3386460542678833
-4.144449234008789	-5.271285057067871	1.7251946926116943
-3.4403910636901855	-0.9882211089134216	0.649259626865387
-3.965487480163574	-4.962663173675537	-0.3144831955432892
-7.994909763336182	-11.44649600982666	-0.31193575263023376
-8.908432006835938	-7.946020126342773	1.4663623571395874
-7.685780048370361	-5.09127950668335	0.2611020505428314
-6.704693794250488	-3.295628070831299	-1.696090817451477
-9.91549015045166	-8.878820419311523	-2.7123143672943115
-11.04114818572998	-11.796002388000488	-0.10885956883430481
-6.608791351318359	-5.091480255126953	2.4044008255004883
-3.8116841316223145	-0.01928768865764141	0.8107341527938843
-4.003660678863525	-3.3634607791900635	-1.314541220664978
-6.60257625579834	-9.766342163085938	-0.9066362977027893
-9.401311874389648	-9.477869033813477	2.626295566558838
-8.695165634155273	-7.927422046661377	2.608511447906494
-11.125242233276367	-5.805584907531738	-1.6834590435028076
-12.55788516998291	-10.67735481262207	-1.3052517175674438
-8.354643821716309	-10.6283597946167	-0.2424464374780655
-6.052082061767578	-7.116821765899658	2.8403754234313965
-6.197735786437988	-4.230515956878662	0.1204858124256134
-5.530941009521484	-4.315261363983154	-1.8681763410568237
-8.270779609680176	-9.32022476196289	-2.1076252460479736
-7.398064136505127	-11.011240005493164	0.19421763718128204
-7.245955467224121	-7.6722002029418945	1.6722924709320068
-5.763197898864746	-6.445803642272949	-0.3262626528739929
-4.807116508483887	-4.44758415222168	-0.5890694260597229
-5.371649742126465	-5.379483699798584	0.5755085945129395
-7.535768985748291	-7.104247570037842	0.4882256090641022
-10.370647430419922	-10.025096893310547	0.5613828301429749
-9.536870956420898	-7.239462375640869	1.4223761558532715
-7.792532920837402	-5.134853839874268	-0.1674313247203827
-6.661099910736084	-7.486075401306152	-1.7249648571014404
-5.365357875823975	-8.504386901855469	-0.8440327048301697
-3.7352993488311768	-7.786508560180664	1.2832920551300049
-5.44976806640625	-7.907262802124023	-0.42114967107772827
-4.7175445556640625	-4.881882667541504	0.39108806848526
-6.911495208740234	-4.55717134475708	-0.8535329103469849
-7.803345203399658	-9.229360580444336	-1.7261714935302734
-8.826904296875	-9.3935546875	-0.39487090706825256
-8.264037132263184	-7.923984050750732	-2.213688373565674
-5.464660167694092	-6.0317702293396	-1.4054251909255981
-3.715829849243164	-4.416440486907959	-1.0441018342971802
-5.237536430358887	-4.725091457366943	-0.7157418131828308
-5.732820510864258	-5.282624244689941	-1.038729190826416
-5.093702793121338	-6.498830795288086	-0.12705549597740173
-5.071819305419922	-4.77431583404541	0.0732242688536644
-9.600384712219238	-12.490866661071777	-1.2011710405349731
-10.500096321105957	-10.601103782653809	0.10682927817106247
-8.53048324584961	-9.518608093261719	1.45806884765625
-5.578671932220459	-6.600296974182129	0.0978558138012886
-4.092811107635498	-3.7264792919158936	-0.6441934704780579
-4.2043137550354	-1.9752451181411743	-1.2675862312316895
-4.678864002227783	-2.756300687789917	0.07977480441331863
-9.789852142333984	-10.879444122314453	-0.49103161692619324
-10.580973625183105	-11.380043029785156	0.9877805709838867
-10.873764991760254	-7.300304412841797	-0.6994228959083557
-7.095839500427246	-4.902865409851074	-1.3444879055023193
-3.316697359085083	-2.571056604385376	-2.5612785816192627
-5.360827922821045	-7.20487117767334	-1.748495101928711
-12.518159866333008	-14.784156799316406	-2.1450321674346924
-7.339511871337891	-10.277848243713379	1.6531866788864136
-3.7261345386505127	-6.880112171173096	0.3093595802783966
-1.1581997871398926	-3.181405782699585	-0.45771390199661255
-1.4954183101654053	-2.4522085189819336	-0.4965861439704895
-8.20722770690918	-14.27004623413086	-1.8708866834640503
-10.159622192382812	-10.031121253967285	2.5718133449554443
-9.864771842956543	-7.349481105804443	-1.5125800371170044
-8.85318374633789	-2.8885374069213867	-3.863255023956299
-4.303663730621338	-1.9610810279846191	-1.1997536420822144
-9.866954803466797	-8.906956672668457	-4.4074859619140625
-13.618075370788574	-11.473991394042969	-0.27244099974632263
-4.958104610443115	-8.969148635864258	1.0016478300094604
-2.5009639263153076	-3.6528429985046387	-0.33797508478164673
-0.8519431948661804	-2.3771166801452637	-1.368765115737915
-6.116218090057373	-10.4190673828125	-0.6927862167358398
-9.88522720336914	-12.519251823425293	1.9870342016220093
-9.881866455078125	-8.333775520324707	1.7910544872283936
-9.062101364135742	-2.8469932079315186	-4.290572166442871
-3.606405258178711	-2.1558444499969482	-1.493158221244812
-10.851278305053711	-7.497844696044922	-3.4763236045837402
-11.627689361572266	-11.101127624511719	-2.4846832752227783
-4.36989688873291	-8.445786476135254	2.536896228790283
-2.469120979309082	-2.3992104530334473	-0.49636590480804443
-2.416506052017212	-3.7701783180236816	-1.0733397006988525
-4.890329360961914	-10.719989776611328	-0.41539397835731506
-9.290210723876953	-11.784490585327148	0.749164879322052
-10.898491859436035	-7.57584810256958	0.5703467130661011
-9.778197288513184	-4.997235298156738	-0.85102379322052
-7.868438243865967	-2.754490613937378	-0.42345768213272095
-5.196404457092285	-10.090028762817383	-3.4707305431365967
-10.376843452453613	-8.055550575256348	0.37061285972595215
-4.717487335205078	-7.285632133483887	2.033769130706787
-4.999955177307129	-4.727791786193848	0.37498944997787476
-0.9480943083763123	-5.6573262214660645	1.5992980003356934
-9.553017616271973	-11.115608215332031	2.3774807453155518
-10.333969116210938	-12.488999366760254	2.6041061878204346
-10.46693229675293	-9.420906066894531	2.1414408683776855
-9.312112808227539	-6.521968364715576	-1.0964199304580688
-4.279511451721191	-3.73016619682312	0.10941501706838608
-6.8948893547058105	-4.038328647613525	-0.5866273045539856
-10.358485221862793	-9.765202522277832	-2.5492215156555176
-10.906632423400879	-9.159353256225586	0.3793564736843109
-7.578395366668701	-6.685492038726807	0.9898204207420349
-4.988874435424805	-4.746093273162842	-1.749816656112671
-4.557755470275879	-4.600841999053955	-0.662351131439209
-5.708466529846191	-5.798210620880127	-0.8771302103996277
-8.90735912322998	-9.812549591064453	-1.565664291381836
-7.804225921630859	-9.29586124420166	0.9935458302497864
-8.0364351272583	-7.4249653816223145	-0.6732590794563293
-6.466489791870117	-5.497556209564209	-2.303116798400879
-5.574640274047852	-3.3990674018859863	-0.9888914823532104
-5.255397319793701	-3.890223503112793	-1.148306965827942
-7.69089412689209	-6.318365097045898	-1.1657942533493042
-10.129743576049805	-8.878341674804688	-0.6053116321563721
-10.499368667602539	-5.493974685668945	0.48907795548439026
-9.362009048461914	-7.822594165802002	-0.26137977838516235
-7.617583274841309	-6.819395065307617	0.20845836400985718
-5.838672637939453	-5.860469341278076	0.06426037847995758
-5.027603626251221	-5.404633045196533	-0.2534980773925781
-4.47987699508667	-5.453962802886963	-0.8542894721031189
-3.9371497631073	-4.866243839263916	-0.43348458409309387
-2.420595407485962	-2.098623037338257	0.8643355965614319
-6.379273891448975	-7.373480319976807	-0.46052947640419006
-11.086810111999512	-12.631559371948242	-1.2145211696624756
-12.214469909667969	-7.803431034088135	0.8343697190284729
-10.106537818908691	-4.168841361999512	0.5464813113212585
-6.3189496994018555	-2.297744035720825	-1.1302931308746338
-7.577370643615723	-3.4723875522613525	-0.22814826667308807
-10.91904354095459	-9.952093124389648	-1.8216140270233154
-9.088610649108887	-8.125566482543945	3.1318745613098145
-4.388571739196777	-9.142393112182617	1.2918442487716675
-3.5864949226379395	-3.888528347015381	-1.035300612449646
-3.086461067199707	-2.0582568645477295	-0.051982905715703964
-7.926311016082764	-9.047256469726562	-0.9439570903778076
-10.86153507232666	-12.5628080368042	-0.34427663683891296
-12.674262046813965	-6.371880531311035	1.986833095550537
-8.074254035949707	-4.776269435882568	-1.583544135093689
-4.641131401062012	-1.579224944114685	-2.6582438945770264
-5.023906707763672	-6.486553192138672	-1.2982224225997925
-10.850809097290039	-12.099299430847168	-1.576150894165039
-9.9666109085083	-10.219027519226074	1.5001589059829712
-3.551271438598633	-7.256509304046631	3.3253164291381836
-2.8065502643585205	-1.3479833602905273	-0.5760065913200378
-2.2505111694335938	-3.642624855041504	-1.902394413948059
-8.571434020996094	-11.781387329101562	-0.8678885698318481
-11.85437297821045	-9.693059921264648	1.1139070987701416
-11.731195449829102	-4.989334583282471	1.53166663646698
-7.120317459106445	-2.0972249507904053	-3.1135923862457275
-6.876884937286377	-2.0162241458892822	-2.224040985107422
-12.16256332397461	-11.956116676330566	-1.5940402746200562
-11.68295669555664	-10.235739707946777	0.9696995615959167
-3.7918407917022705	-8.038694381713867	1.2916526794433594
-1.6062794923782349	-3.6130802631378174	-1.7239593267440796
-1.0441688299179077	-1.4380533695220947	-0.37495115399360657
-6.009666442871094	-8.415533065795898	-0.5224243998527527
-10.517306327819824	-12.856863021850586	-0.696990430355072
-11.917291641235352	-7.9001665115356445	2.032907009124756
-10.496304512023926	-4.490842342376709	-0.42422381043434143
-6.682398796081543	-0.7711436152458191	-0.7194480299949646
-7.6275529861450195	-6.077719211578369	-1.975254774093628
-10.757014274597168	-13.08740520477295	-1.4305930137634277
-6.457468032836914	-7.118785381317139	0.694193959236145
-2.304457426071167	-2.770752191543579	1.5972198247909546
-2.278935194015503	-3.1989693641662598	-1.1335300207138062
-4.7648539543151855	-11.24590015411377	-2.799607276916504
-8.713428497314453	-11.898090362548828	2.094208240509033
-11.504263877868652	-8.068622589111328	4.120957374572754
-14.038592338562012	-4.209227085113525	-0.8649771809577942
-13.46635913848877	-9.100456237792969	-0.4172806441783905
-12.897746086120605	-10.351388931274414	-1.1558247804641724
-6.720639228820801	-7.576757907867432	-0.5363873839378357
-2.5004947185516357	-5.451635837554932	-2.262539863586426
-2.7605528831481934	-4.76973819732666	-2.3326995372772217
-8.564911842346191	-10.965089797973633	-1.6743419170379639
-7.552384853363037	-10.96010971069336	1.7103602886199951
-8.073650360107422	-8.04521656036377	-0.35987725853919983
-5.012203693389893	-5.261449813842773	-2.256544589996338
-4.579792022705078	-4.5435051918029785	0.3120027780532837
-5.855891704559326	-4.5619120597839355	-0.3485957682132721
-9.07019329071045	-6.846564292907715	0.46219587326049805
-10.755797386169434	-7.219916343688965	0.6629065275192261
-12.495894432067871	-9.625207901000977	0.8188552856445312
-8.600709915161133	-3.8782429695129395	1.249849796295166
-5.926865100860596	-6.833894729614258	-0.26240450143814087
-6.295467376708984	-8.49911880493164	-1.2507692575454712
-3.2168493270874023	-8.783895492553711	0.5839649438858032
-4.782695770263672	-7.595623970031738	0.2063993364572525
-5.025764465332031	-7.705738067626953	0.7216890454292297
-6.596523284912109	-7.375472068786621	0.47071921825408936
-4.70111083984375	-6.304115295410156	1.7615290880203247
-6.764405250549316	-7.062521457672119	-1.4751538038253784
-7.478499412536621	-7.805700778961182	0.6437720656394958
-8.745328903198242	-6.660343647003174	-3.5885443687438965
-6.797100067138672	-4.93154764175415	-1.6398749351501465
-5.064579486846924	-4.685385704040527	-0.1634952425956726
-4.959569931030273	-5.257063388824463	-0.3480115830898285
-5.037362098693848	-4.953392505645752	-0.8054956793785095
-5.743172645568848	-5.888922214508057	-0.4718684256076813
-7.1040754318237305	-9.629047393798828	-1.5537315607070923
-11.16533088684082	-12.406915664672852	0.18785864114761353
-8.238744735717773	-10.220358848571777	2.5499107837677
-4.321802139282227	-7.729794979095459	0.19490715861320496
-2.8743157386779785	-3.0693953037261963	0.09025183320045471
-3.130524158477783	-1.6542593240737915	-0.37158969044685364
-8.31412410736084	-11.297711372375488	-1.455588459968567
-8.153252601623535	-10.077127456665039	0.836007297039032
-13.23982048034668	-6.274646759033203	-0.18226578831672668
-8.795587539672852	-3.9963152408599854	-0.2682846784591675
-4.432462215423584	-3.6181654930114746	-0.8123622536659241
-9.176783561706543	-8.243772506713867	-1.9757814407348633
-10.445337295532227	-12.534488677978516	-0.5135850310325623
-5.952358722686768	-9.233247756958008	2.4803833961486816
-2.8572115898132324	-4.705832004547119	1.637404203414917
-3.255099058151245	-0.9878859519958496	0.06796659529209137
-5.188723564147949	-5.5814104080200195	-1.6115562915802002
-8.909974098205566	-13.462491035461426	-1.4305641651153564
-9.169754028320312	-7.334321022033691	3.1185243129730225
-8.934662818908691	-3.534809112548828	0.1470710188150406
-6.230632305145264	-2.329979658126831	-1.5657888650894165
-11.456705093383789	-10.057371139526367	-2.695641279220581
-13.806192398071289	-11.048101425170898	0.14104720950126648
-7.911754608154297	-7.709128379821777	1.9445897340774536
-3.0893726348876953	-3.1566879749298096	-0.7383526563644409
-1.9765571355819702	-1.889877438545227	-1.813253402709961
-5.687588691711426	-11.3163480758667	-0.7630703449249268
-5.507219314575195	-12.303659439086914	0.7282778024673462
-10.811419486999512	-7.295401096343994	3.440171003341675
-9.838062286376953	-3.1677205562591553	-2.255941390991211
-6.0048017501831055	-1.2099050283432007	-0.19122010469436646
-11.505270004272461	-9.306626319885254	-1.5962525606155396
-12.217132568359375	-14.223483085632324	-1.174566626548767
-5.551856994628906	-5.606013774871826	1.3845188617706299
-2.800124168395996	0.3385305404663086	0.4162846505641937
-4.418288707733154	-3.677560806274414	-1.3597151041030884
-5.537846088409424	-12.3411226272583	-1.5103580951690674
-10.288440704345703	-8.108519554138184	2.284374952316284
-7.441926002502441	-3.8330307006835938	1.090903639793396
-8.64859390258789	-2.9258675575256348	-2.8568286895751953
-11.026581764221191	-10.479718208312988	-1.859116792678833
-8.965423583984375	-7.4015116691589355	1.9628336429595947
-5.538114070892334	-2.8582074642181396	-0.6608858704566956
-4.426840782165527	-3.9957118034362793	-1.237457513809204
-7.442959785461426	-8.62053394317627	-1.2688790559768677
-10.444666862487793	-17.377365112304688	-1.1052113771438599
-10.960549354553223	-9.463561058044434	-0.42841845750808716
-6.929844379425049	-6.0539116859436035	-3.179260492324829
-5.535614967346191	-2.9074227809906006	-2.5873849391937256
-3.9016103744506836	-1.4035192728042603	-1.966491937637329
-5.034900665283203	-4.409793853759766	-0.2473018765449524
-11.67878246307373	-12.185988426208496	-2.609938383102417
-13.029446601867676	-8.861227989196777	-0.8856534957885742
-7.209726333618164	-8.427292823791504	1.4639394283294678
-5.980361461639404	-4.528000354766846	-2.8733198642730713
-4.00325870513916	-4.3971333503723145	-1.5499200820922852
-5.435728549957275	-7.2852396965026855	-3.055891990661621
-7.12551736831665	-8.909600257873535	-2.7689709663391113
-6.224349498748779	-7.570149898529053	-0.4739370048046112
-7.668187618255615	-9.310064315795898	-0.4928416311740875
-7.54409122467041	-8.404251098632812	2.139554500579834
-7.4820051193237305	-7.069263458251953	0.8073056936264038
-5.723396301269531	-4.553675651550293	-0.23924778401851654
-5.371831893920898	-5.266573429107666	0.5246366858482361
-7.745223045349121	-6.231015205383301	0.3202771544456482
-9.027682304382324	-5.511423110961914	-0.1491970717906952
-9.722029685974121	-7.887515544891357	-3.0649325847625732
-8.407421112060547	-6.812997817993164	-2.936967372894287
-10.177789688110352	-8.118939399719238	-2.408068895339966
-7.247976779937744	-5.931328296661377	0.12456552684307098
-5.494414806365967	-4.671911239624023	-1.1019552946090698
-5.001372337341309	-5.2667555809021	0.5034719109535217
-4.088233470916748	-5.992198467254639	-0.4085274338722229
-2.329376220703125	-3.516967296600342	0.17527471482753754
-3.3765809535980225	-4.338034629821777	-0.07872135192155838
-9.276257514953613	-13.54736042022705	-2.3073689937591553
-9.813660621643066	-12.032060623168945	0.7021810412406921
-9.06544303894043	-6.8629984855651855	-1.5754326581954956
-6.463137626647949	-2.427260637283325	-2.132707118988037
-6.203424453735352	-2.5608859062194824	-1.5306227207183838
-11.057486534118652	-9.454510688781738	-2.6116814613342285
-12.280367851257324	-7.637598991394043	0.44648030400276184
-5.332940578460693	-5.333611011505127	1.2426193952560425
-2.74232816696167	-2.1488630771636963	-0.426924467086792
-3.4658846855163574	-5.793556213378906	-1.2245862483978271
-7.660076141357422	-12.223031997680664	1.4901032447814941
-10.989797592163086	-8.947745323181152	-0.10329543799161911
-8.74731159210205	-5.639283657073975	-1.1582764387130737
-4.266256809234619	-2.456240177154541	-1.8965524435043335
-6.352812767028809	-2.9074034690856934	-2.348893880844116
-13.491192817687988	-12.225138664245605	-3.3084418773651123
-9.351329803466797	-8.334455490112305	2.0198731422424316
-3.4970285892486572	-6.477531909942627	1.3090728521347046
-1.7527471780776978	-2.6305572986602783	-0.8335844278335571
-2.220554828643799	-4.162702560424805	-0.6437912583351135
-9.432014465332031	-12.453947067260742	-0.15193603932857513
-10.137960433959961	-9.418463706970215	2.074460983276367
-10.13638973236084	-6.249096393585205	-1.4310431480407715
-7.062828063964844	-2.816481351852417	-1.3689278364181519
-6.073936462402344	-1.2156511545181274	-0.6541820764541626
-13.266290664672852	-9.47422981262207	-3.7799177169799805
-13.368264198303223	-10.07210922241211	1.5329689979553223
-4.601569175720215	-7.497806549072266	1.0994174480438232
-2.484779119491577	-1.9379913806915283	-1.2366626262664795
-1.647402286529541	-3.071540594100952	-1.9689053297042847
-8.374246597290039	-12.613957405090332	0.030482977628707886
-8.673407554626465	-12.226823806762695	0.4343082010746002
-8.817720413208008	-7.817834377288818	1.034400463104248
-8.158069610595703	-2.4018824100494385	-2.2032687664031982
-6.533690452575684	-0.315153568983078	-1.4803731441497803
-11.904536247253418	-10.102104187011719	-3.1464884281158447
-14.15865707397461	-8.418205261230469	-0.19076041877269745
-6.542434215545654	-6.133150100708008	0.5838308930397034
-3.0427048206329346	-1.2061508893966675	-0.3145310580730438
-1.7126778364181519	-3.9279561042785645	-1.1437867879867554
-5.656521797180176	-11.756516456604004	-0.8291407823562622
-7.888099670410156	-11.988207817077637	2.008840560913086
-9.230710983276367	-6.931616306304932	2.5611159801483154
-9.176965713500977	-0.5849322080612183	-4.092035293579102
-10.021065711975098	-3.430421829223633	-1.4814265966415405
-17.069231033325195	-11.447952270507812	-2.0341713428497314
-10.70095157623291	-8.830705642700195	2.5250210762023926
-3.118256092071533	-5.0653839111328125	0.05085284262895584
-1.132907509803772	-0.05431006848812103	-0.7781634330749512
-3.571507215499878	-6.904542446136475	-1.6506870985031128
-7.987622261047363	-11.09168529510498	0.9568570852279663
-7.691851615905762	-7.051919937133789	1.6502562761306763
-6.7339701652526855	-1.8446462154388428	-0.008312667720019817
-10.256291389465332	-9.154862403869629	-1.9512361288070679
-17.750545501708984	-10.974781036376953	0.8869272470474243
-8.290881156921387	-8.285622596740723	0.4916924238204956
-2.7161643505096436	-4.108545780181885	-1.7220247983932495
-1.081154465675354	-2.2548208236694336	-1.321350336074829
-5.682896614074707	-8.090811729431152	-1.2474939823150635
-8.011822700500488	-11.705845832824707	1.3373245000839233
-8.232903480529785	-8.589839935302734	1.7068839073181152
-9.085305213928223	-4.059780597686768	-0.9776004552841187
-6.792867183685303	-2.8090593814849854	-1.3671178817749023
-13.125099182128906	-13.819581031799316	-0.5089977383613586
-13.036638259887695	-7.939756870269775	0.6036548614501953
-9.89554214477539	-5.411182880401611	2.478027582168579
-5.487299919128418	-4.7133402824401855	0.6547567248344421
-4.364562511444092	-4.299095630645752	-0.21395544707775116
-7.394022464752197	-8.771282196044922	-0.8456224203109741
-7.446905612945557	-8.197315216064453	1.9382308721542358
-5.721749305725098	-9.430625915527344	0.3652498424053192
-5.560820579528809	-8.126782417297363	0.7426717877388
-5.6666059494018555	-5.082526206970215	-0.6660190224647522
-5.302850246429443	-4.554853916168213	-0.9723044633865356
-5.565485000610352	-4.696944713592529	-1.0007954835891724
-6.766866207122803	-3.9578452110290527	-0.7977384328842163
-6.2388105392456055	-3.6040682792663574	-0.24661235511302948
-10.294713020324707	-10.722289085388184	-0.1997721791267395
-13.681445121765137	-12.368982315063477	-0.5450831055641174
-9.680360794067383	-10.793625831604004	3.1661016941070557
-4.078857898712158	-4.824594020843506	1.4343374967575073
-1.120026707649231	0.4097915589809418	0.8111076951026917
-4.0513916015625	-4.287354469299316	0.7443476915359497
-8.004477500915527	-9.936243057250977	-0.3015449345111847
-7.945684909820557	-7.776951313018799	2.649768352508545
-6.1913957595825195	-3.9975123405456543	1.2840774059295654
-7.83123254776001	-3.775627374649048	1.3664283752441406
-13.730440139770508	-12.41702938079834	-0.6855556964874268
-10.398439407348633	-12.1591157913208	1.1233019828796387
-4.695661544799805	-4.7334136962890625	0.3852653503417969
-4.395064830780029	-1.3252960443496704	1.1263856887817383
-4.584714412689209	-7.845588207244873	-2.1692137718200684
-11.517930030822754	-5.934507846832275	0.581714391708374
-9.711993217468262	-4.503359317779541	1.1278222799301147
-11.052142143249512	-1.0220080614089966	1.1231008768081665
-14.205689430236816	-1.531723976135254	2.799406051635742
-19.190349578857422	-4.3370680809021	8.645395278930664
-12.852313995361328	-4.959512233734131	7.585261821746826
-6.8953776359558105	-3.0148937702178955	6.400218486785889
-4.434837341308594	-0.9279638528823853	3.7041077613830566
-4.129145622253418	1.0913153886795044	4.8705153465271
-4.047637462615967	2.179642915725708	5.112204551696777
-3.8953757286071777	1.5738332271575928	8.311145782470703
-2.68927264213562	3.1566879749298096	11.090717315673828
-1.6683276891708374	2.3766379356384277	8.2979097366333
-0.9463704824447632	2.2447938919067383	7.897953987121582
-1.5282572507858276	3.1230924129486084	7.907952785491943
-0.9358838796615601	2.396557569503784	8.45307445526123
-1.4053101539611816	2.5765726566314697	9.266728401184082
-0.5810823440551758	2.919872522354126	8.403905868530273
-0.5294058918952942	2.5358712673187256	9.543517112731934
