#Sensor Monitor 1.0#Sensor data: Acceleration
#Tue May 18 18:44:01 GMT+08:00 2021

#X(m/s²)	Y(m/s²)	Z(m/s²)
-6.0244245529174805	-7.295525550842285	2.0122787952423096
-5.980696678161621	-7.073803424835205	2.0376954078674316
-6.427809238433838	-7.265741348266602	2.5221381187438965
-6.281848907470703	-7.041021347045898	2.238023281097412
-6.510361194610596	-6.7862114906311035	3.0820653438568115
-6.128140926361084	-7.359067440032959	2.028970956802368
-6.313586235046387	-7.0152506828308105	1.3755167722702026
-6.692780494689941	-7.570417881011963	2.1472063064575195
-6.788835525512695	-7.240669250488281	1.9103623628616333
-6.4844560623168945	-6.196557998657227	1.8912948369979858
-6.704473495483398	-7.973649501800537	1.1338844299316406
-6.762948989868164	-7.597644329071045	0.499229371547699
-6.594982147216797	-6.340726852416992	-0.31480881571769714
-5.506587505340576	-6.0631914138793945	0.2959137558937073
-5.4549970626831055	-6.106698513031006	0.997922420501709
-5.837446689605713	-6.748708724975586	-0.3108535706996918
-7.169053554534912	-8.70975112915039	1.7947319746017456
-8.263279914855957	-11.321518898010254	1.1180156469345093
-5.901228427886963	-7.839056968688965	1.8997607231140137
-5.245791435241699	-8.190611839294434	0.5520550608634949
-4.680252552032471	-9.035353660583496	0.8403456211090088
-3.8852434158325195	-7.935648441314697	0.8553045988082886
-3.964491367340088	-6.5643744468688965	0.6610295176506042
-2.7258846759796143	-8.31576156616211	0.8513780832290649
-4.22370719909668	-9.306127548217773	0.6880935430526733
-6.1362528800964355	-11.336315155029297	0.6432453393936157
-6.286263465881348	-10.30296802520752	1.549556016921997
-3.1653740406036377	-9.465696334838867	1.3591978549957275
-4.321169853210449	-10.248495101928711	-1.6238337755203247
-3.231137990951538	-7.303914546966553	-0.29848992824554443
-2.944437265396118	-5.807337284088135	-1.1587170362472534
-3.5780961513519287	-6.252323627471924	-0.12613612413406372
-3.7033510208129883	-8.138351440429688	0.3799789845943451
-5.947369575500488	-10.846423149108887	-0.025100810453295708
-7.654176712036133	-13.231986045837402	0.504860520362854
-4.982506275177002	-8.363521575927734	0.8814014196395874
-4.096977233886719	-8.306051254272461	-0.9000378847122192
-3.356441020965576	-8.728368759155273	-0.6449979543685913
-2.3021111488342285	-7.0322489738464355	0.4797980487346649
-3.4018828868865967	-6.138321399688721	0.17130033671855927
-4.6216139793396	-8.230422973632812	0.8542990684509277
-5.759166240692139	-10.973316192626953	0.5696859359741211
-7.284933090209961	-9.815710067749023	0.6839851140975952
-5.570436000823975	-9.811026573181152	0.054587800055742264
-5.783491134643555	-8.88162612915039	-0.026929982006549835
-3.6012814044952393	-8.601716041564941	-1.6060304641723633
-2.5047659873962402	-5.097437381744385	-0.9077567458152771
-3.2421607971191406	-5.558311462402344	-1.5694375038146973
-4.62188196182251	-8.357287406921387	0.2822955250740051
-5.407304763793945	-9.933907508850098	0.826564610004425
-8.276630401611328	-11.35208797454834	0.24567383527755737
-6.54406213760376	-10.333393096923828	0.930587887763977
-5.386590003967285	-7.866274356842041	-0.6050147414207458
-4.090407371520996	-9.099757194519043	-0.4616403877735138
-2.5489628314971924	-7.776491641998291	0.3981653153896332
-3.3389346599578857	-7.116228103637695	0.15279795229434967
-3.861358880996704	-7.461510181427002	0.2672503590583801
-4.5782976150512695	-8.751822471618652	0.8876550793647766
-6.88227653503418	-10.018488883972168	0.12953588366508484
-6.73542594909668	-10.957427978515625	0.21812134981155396
-5.2104339599609375	-8.914015769958496	0.8441572189331055
-5.303492069244385	-9.970662117004395	-0.8073440194129944
-3.0576255321502686	-8.23110294342041	-0.637346088886261
-2.867391586303711	-4.971176624298096	-0.8461108803749084
-3.2893266677856445	-6.17048978805542	-0.5593621134757996
-4.5642008781433105	-8.961965560913086	1.37470281124115
-8.000493049621582	-10.102535247802734	-0.219548299908638
-7.434389114379883	-11.665882110595703	0.059232551604509354
-5.909866809844971	-7.070920467376709	0.7228382229804993
-5.091001987457275	-8.138877868652344	-0.42308416962623596
-4.350915431976318	-8.293122291564941	1.6929209232330322
-3.723165512084961	-6.303837299346924	1.5933412313461304
-4.57041597366333	-6.140734672546387	1.1309633255004883
-4.732580184936523	-7.946211814880371	0.6616519689559937
-6.671720504760742	-9.793989181518555	0.8149192333221436
-7.059390068054199	-10.367084503173828	1.7085310220718384
-5.72031307220459	-8.380012512207031	2.03049373626709
-5.937323093414307	-9.676386833190918	0.03405512496829033
-3.8022987842559814	-8.384685516357422	0.4294623136520386
-2.9997241497039795	-5.478690147399902	0.26602452993392944
-3.9655354022979736	-5.762834072113037	-0.2921883761882782
-4.266927242279053	-7.91266393661499	-0.09356539696455002
-6.66640567779541	-9.791518211364746	0.471188485622406
-7.124244213104248	-12.409051895141602	0.09721416234970093
-5.470741271972656	-8.791221618652344	1.1837124824523926
-4.878252983093262	-8.375530242919922	-0.24231235682964325
-4.889735221862793	-8.396628379821777	1.0866323709487915
-3.470184564590454	-6.590107440948486	1.7323964834213257
-4.290754318237305	-6.0421223640441895	0.44037988781929016
-4.50614595413208	-7.391992092132568	1.3244340419769287
-5.925361633300781	-9.1478910446167	0.9318903088569641
-7.524267196655273	-10.891855239868164	0.42251914739608765
-4.4816203117370605	-9.507835388183594	2.1418049335479736
-4.829967021942139	-9.264171600341797	0.27404990792274475
-3.4427950382232666	-9.391983985900879	0.2177574336528778
-2.8828296661376953	-6.951746463775635	-0.02782062254846096
-3.017364501953125	-6.207934856414795	-0.19782809913158417
-4.13735294342041	-7.058642864227295	-0.710522472858429
-6.6189045906066895	-9.044815063476562	-0.09689813107252121
-7.3900675773620605	-12.112648963928223	1.0310677289962769
-5.9985857009887695	-10.148715019226074	1.18549382686615
-5.223333835601807	-8.41556167602539	0.32033461332321167
-4.414381504058838	-8.332740783691406	0.7474314570426941
-3.5942330360412598	-6.36765718460083	1.6570748090744019
-3.2443060874938965	-6.128543376922607	0.8362467885017395
-3.6578423976898193	-7.745405197143555	0.3387891352176666
-5.11473274230957	-10.355870246887207	1.1294695138931274
-6.838740348815918	-10.437580108642578	0.8983715176582336
-6.87409782409668	-9.403725624084473	0.6889075636863708
-5.278735637664795	-8.702549934387207	1.1123079061508179
-4.9601826667785645	-9.555105209350586	-0.6133561134338379
-3.6551320552825928	-6.74436092376709	0.7801554203033447
-3.150367259979248	-5.114675998687744	-0.1783297061920166
-3.6737780570983887	-6.580022811889648	-0.3409343361854553
-5.051209926605225	-8.235363960266113	0.0013790600933134556
-7.4149861335754395	-10.095946311950684	0.22205741703510284
-7.448524475097656	-12.664359092712402	0.500196635723114
-5.5302324295043945	-8.982230186462402	1.4000046253204346
-4.629131317138672	-8.067272186279297	-0.5171092748641968
-3.550112724304199	-6.958958148956299	0.6831710934638977
-3.176358699798584	-5.7519354820251465	1.0350229740142822
-3.5374138355255127	-6.5529680252075195	-0.2876681089401245
-4.429608345031738	-8.832066535949707	0.9868324398994446
-6.458426475524902	-11.3849458694458	0.17286135256290436
-6.608236312866211	-11.48312759399414	1.6226462125778198
-5.631631851196289	-8.475464820861816	1.464571475982666
-5.0579142570495605	-8.829154968261719	-0.6161238551139832
-3.3426599502563477	-7.482541084289551	-0.6115940809249878
-2.897606372833252	-5.5989556312561035	0.024066515266895294
-3.732081651687622	-6.899734973907471	-0.4031739830970764
-6.105673789978027	-8.132596015930176	0.8640386462211609
-9.095783233642578	-11.010359764099121	-0.033356018364429474
-6.562650203704834	-12.057276725769043	1.28702712059021
-5.323029041290283	-7.883847713470459	0.31348717212677
-4.402735710144043	-8.215300559997559	-0.09624691307544708
-3.3601279258728027	-6.732571601867676	0.9389867782592773
-2.93215012550354	-5.685452938079834	0.9113576412200928
-3.9079020023345947	-6.728127956390381	0.4433487057685852
-4.743612766265869	-8.863247871398926	1.6967324018478394
-6.062415599822998	-9.850397109985352	1.9521842002868652
-7.140993595123291	-8.954812049865723	0.2156696915626526
-5.940885543823242	-9.429132461547852	0.8084453344345093
-6.01568078994751	-10.996980667114258	-0.22076456248760223
-2.8521549701690674	-6.981253147125244	0.11722969263792038
-3.2621476650238037	-4.474054336547852	-1.0289320945739746
-4.980418682098389	-5.7646918296813965	-0.613097608089447
-5.4083967208862305	-8.591621398925781	0.32783326506614685
-7.398370742797852	-10.527792930603027	0.3762248456478119
-6.949610710144043	-13.533943176269531	-0.6866092085838318
-5.4008402824401855	-7.282825946807861	0.30445626378059387
-5.287537097930908	-8.197813034057617	-1.1409711837768555
-4.0475993156433105	-7.169034481048584	0.33579155802726746
-2.969825267791748	-6.875917434692383	0.5998241305351257
-3.716672658920288	-7.640098571777344	0.00913627352565527
-4.146594524383545	-8.518406867980957	0.6289088726043701
-5.850777626037598	-10.047582626342773	0.7858536243438721
-7.025459289550781	-10.320598602294922	0.08759905397891998
-4.133081436157227	-8.740224838256836	0.2464687079191208
-5.098940849304199	-9.929452896118164	-0.11425130814313889
-4.469314098358154	-7.750653266906738	0.05347689241170883
-4.694723129272461	-5.323622703552246	-1.3974189758300781
-4.214752674102783	-6.590854167938232	-1.4228739738464355
-5.690059661865234	-7.9037580490112305	-0.5888108015060425
-7.506895065307617	-9.792275428771973	0.7023151516914368
-7.3827223777771	-11.157382011413574	-0.6121782064437866
-5.364927291870117	-9.195870399475098	0.00994072575122118
-5.196749210357666	-9.553296089172363	-0.5400744676589966
-4.589598655700684	-7.623617172241211	0.43712377548217773
-3.124481201171875	-6.344318389892578	0.4292229115962982
-3.316802501678467	-6.896201133728027	-0.28280308842658997
-3.931288719177246	-7.788185119628906	0.4453502595424652
-5.509661674499512	-9.859696388244629	0.38311055302619934
-6.600900173187256	-12.286439895629883	0.9322734475135803
-4.226876735687256	-8.234406471252441	1.508615255355835
-5.677715301513672	-8.676117897033691	-0.6177040338516235
-4.420778274536133	-8.922700881958008	-0.21507592499256134
-3.4073128700256348	-6.943050861358643	-0.7539724111557007
-3.5509841442108154	-6.405561923980713	-1.0619720220565796
-4.4669671058654785	-7.353628158569336	-0.4581161141395569
-5.345706462860107	-9.527514457702637	-0.05469314008951187
-6.0835418701171875	-11.729290008544922	0.4709107279777527
-5.715323448181152	-10.419316291809082	0.48807239532470703
-5.78269624710083	-8.848165512084961	-0.31640809774398804
-4.208393573760986	-8.532657623291016	1.3346620798110962
-2.907212257385254	-6.581076145172119	1.3762158155441284
-2.996649980545044	-6.134748935699463	0.23243866860866547
-3.1850733757019043	-7.1245222091674805	0.7268030643463135
-6.155176639556885	-11.261472702026367	0.7108576893806458
-6.716320037841797	-11.507701873779297	0.33910515904426575
-4.96445369720459	-8.473166465759277	1.9103047847747803
-6.020967483520508	-7.641391754150391	0.8417725563049316
-4.565713882446289	-8.824797630310059	0.34266772866249084
-2.6441850662231445	-6.696400165557861	1.079105019569397
-3.235715866088867	-6.228515625	-0.2462005466222763
-3.4346930980682373	-6.955357074737549	0.2568691074848175
-5.015345096588135	-8.587665557861328	0.6484456062316895
-7.007569789886475	-11.254107475280762	1.0033236742019653
-6.194565773010254	-10.947036743164062	0.2612457275390625
-6.422187328338623	-8.75619888305664	-0.46292367577552795
-4.861780643463135	-8.376699447631836	0.3661883473396301
-3.0079121589660645	-6.654760360717773	1.7612801790237427
-2.7403171062469482	-6.025879859924316	-0.022764069959521294
-3.942254066467285	-7.518732070922852	-0.15362155437469482
-5.0025410652160645	-10.41063117980957	1.044255018234253
-5.896535873413086	-11.203790664672852	0.7285268306732178
-6.022346019744873	-10.067656517028809	1.1252555847167969
-5.293215751647949	-8.362975120544434	1.603588342666626
-5.419342994689941	-9.257075309753418	-0.38890454173088074
-3.4961953163146973	-6.181972503662109	0.3172125816345215
-3.2872581481933594	-5.044946670532227	-1.0161949396133423
-4.769125461578369	-7.388037204742432	-0.8912942409515381
-5.534992218017578	-9.213711738586426	0.16958609223365784
-6.838108539581299	-10.445920944213867	0.37449145317077637
-6.8247389793396	-11.595779418945312	-0.04147715121507645
-5.340142726898193	-8.520427703857422	0.6984939575195312
-4.06556510925293	-8.860882759094238	-0.3987112045288086
-3.1855428218841553	-7.369103908538818	0.5535394549369812
-3.0901098251342773	-6.542922496795654	0.528457760810852
-3.8002493381500244	-7.1920857429504395	-0.007259219419211149
-4.59857177734375	-8.763065338134766	1.0547895431518555
-6.0376787185668945	-10.512595176696777	0.5609901547431946
-6.876319885253906	-11.181007385253906	0.5657402873039246
-4.488524913787842	-8.454423904418945	1.3470065593719482
-5.471469402313232	-9.718591690063477	-0.5432348251342773
-3.58054780960083	-7.181637763977051	-0.24544398486614227
-2.638716697692871	-5.187880992889404	-1.4268388748168945
-3.877974510192871	-7.082881927490234	-1.39722740650177
-5.488774299621582	-8.800089836120605	-0.1300051510334015
-7.488880634307861	-11.583425521850586	0.42920374870300293
-6.7930588722229	-10.22364330291748	1.078578233718872
-6.662708759307861	-8.025996208190918	0.03902548551559448
-5.377942085266113	-8.348849296569824	-0.46260765194892883
-3.3454372882843018	-6.83974552154541	1.4372775554656982
-3.1336843967437744	-6.423537731170654	0.2104024440050125
-3.7696993350982666	-6.9709672927856445	-0.22007502615451813
-4.267099380493164	-9.407278060913086	0.6712192296981812
-6.47261905670166	-11.323233604431152	0.1452418565750122
-6.214351654052734	-11.05092716217041	1.0362679958343506
-4.530844688415527	-7.54678201675415	1.2168385982513428
-5.878387928009033	-8.61948013305664	-0.9455468654632568
-2.7164995670318604	-7.4397711753845215	-0.6579170823097229
-2.8211452960968018	-5.391243934631348	-0.7787092924118042
-4.6088762283325195	-7.06955099105835	-0.9700634479522705
-5.27691650390625	-8.469508171081543	0.3210337162017822
-7.849294662475586	-10.724692344665527	0.37621527910232544
-8.553074836730957	-11.848443984985352	0.3544567823410034
-5.756772041320801	-7.864560127258301	0.5739954710006714
-5.347497463226318	-8.549895286560059	-1.0401561260223389
-4.027679443359375	-7.19554328918457	0.7524688839912415
-3.0572710037231445	-6.129510879516602	0.396125465631485
-4.019117832183838	-6.637330532073975	-0.30290481448173523
-4.039008617401123	-8.856152534484863	0.9795732498168945
-6.098922252655029	-10.912110328674316	0.184583380818367
-6.072356224060059	-10.102142333984375	0.8167962431907654
-4.7789225578308105	-8.349662780761719	1.1382993459701538
-5.649549961090088	-9.21883487701416	0.6878254413604736
-4.099332809448242	-7.363539695739746	-0.524876058101654
-3.3422768115997314	-4.9429731369018555	-0.41987594962120056
-4.1736297607421875	-6.162435531616211	-1.1884433031082153
-4.8587541580200195	-8.579009056091309	0.04881298542022705
-7.199718952178955	-10.291964530944824	0.3570999801158905
-7.710373401641846	-13.445281028747559	-0.10584286600351334
-6.591629981994629	-6.899332523345947	0.6589992046356201
-5.613310813903809	-8.12016487121582	-1.0012168884277344
-4.667601585388184	-7.547893047332764	0.7202141880989075
-3.277374744415283	-6.657901287078857	1.7143250703811646
-3.7377607822418213	-6.6169891357421875	-0.17288053035736084
-4.067403793334961	-7.92294979095459	0.331989586353302
-6.186482906341553	-11.152785301208496	0.18085800111293793
-6.4535417556762695	-11.685628890991211	0.781745195388794
-4.141279220581055	-8.58454418182373	0.9774280190467834
-5.612104415893555	-8.260311126708984	-0.11314039677381516
-3.7079288959503174	-8.531296730041504	-0.5716491937637329
-2.7285664081573486	-5.767976760864258	-0.05021119862794876
-3.4119479656219482	-6.269552230834961	-1.1492551565170288
-4.852855682373047	-7.206259727478027	-0.13536816835403442
-6.408856391906738	-9.321192741394043	0.29338547587394714
-8.098272323608398	-12.042078018188477	0.3752001225948334
-6.879479885101318	-9.165033340454102	1.1897075176239014
-5.75718355178833	-9.103377342224121	-0.1932312250137329
-4.836766242980957	-8.178162574768066	0.7558494806289673
-3.165757179260254	-6.503590106964111	1.2644546031951904
-4.398138999938965	-5.895003318786621	-0.08602845668792725
-3.7613580226898193	-6.918112754821777	-0.16271953284740448
-5.322904109954834	-10.807196617126465	0.41093119978904724
-5.979854106903076	-12.453986167907715	0.6966648101806641
-4.475490570068359	-9.753652572631836	1.4143028259277344
-5.963037014007568	-7.123879909515381	0.4181521236896515
-6.298273086547852	-8.33642864227295	-0.3238876163959503
-2.724860191345215	-7.31898832321167	0.3226138949394226
-3.1880805492401123	-5.699741840362549	-0.829064130783081
-4.732407569885254	-6.617860794067383	-0.44137588143348694
-4.967001438140869	-8.874673843383789	-0.13495635986328125
-8.413637161254883	-9.97829532623291	0.21543985605239868
-7.315655708312988	-11.980278968811035	0.27917349338531494
-6.083149433135986	-7.645346641540527	0.9230701327323914
-4.3822221755981445	-8.382329940795898	-0.7163355946540833
-3.726536512374878	-7.1014323234558105	0.8168633580207825
-3.2912707328796387	-6.3517022132873535	0.5050999522209167
-4.103403091430664	-7.02775764465332	-0.1301296502351761
-3.74507737159729	-8.834173202514648	1.2067543268203735
-6.445775508880615	-11.655462265014648	-0.2950901389122009
-6.57415246963501	-11.74598217010498	0.0542621873319149
-4.393465518951416	-7.3141326904296875	1.0125079154968262
-5.716702461242676	-8.650308609008789	-0.9436219334602356
-2.9429526329040527	-9.053558349609375	0.06792829185724258
-2.1188111305236816	-6.128888130187988	0.8413129448890686
-3.605323076248169	-6.040513038635254	-0.8798403739929199
-4.975448131561279	-6.8725175857543945	-0.3327748775482178
-7.61558198928833	-10.336841583251953	-0.553999125957489
-8.379773139953613	-12.793034553527832	-0.11262324452400208
-6.805556774139404	-8.060798645019531	0.799625039100647
-5.217080593109131	-8.894209861755371	-0.7696496844291687
-4.2658257484436035	-7.854226589202881	0.3204208016395569
-3.1727867126464844	-6.071753025054932	1.3160160779953003
-3.7689809799194336	-6.028561592102051	0.0037732617929577827
-3.7314016819000244	-7.717010021209717	-0.01583046093583107
-6.018381118774414	-11.605414390563965	0.6608283519744873
-6.376036643981934	-12.081878662109375	1.4869717359542847
-3.746647834777832	-9.49205207824707	0.8152447938919067
-5.470118522644043	-7.054295063018799	-0.01259350124746561
-4.206737041473389	-8.783607482910156	-1.6442323923110962
-2.9715490341186523	-6.38477087020874	-0.1668088287115097
-3.719928741455078	-5.580749988555908	-0.6674651503562927
-4.541743278503418	-7.103414535522461	-0.7626777291297913
-6.344873905181885	-9.852513313293457	-0.31959718465805054
-8.328144073486328	-12.337761878967285	-0.2513720393180847
-6.486581802368164	-9.662633895874023	0.4491139352321625
-5.672974586486816	-7.68556022644043	0.35551023483276367
-4.613818168640137	-8.399175643920898	-0.1466975212097168
-2.936938524246216	-6.878445625305176	1.5170811414718628
-3.5406315326690674	-6.36422872543335	0.555502712726593
-3.7780215740203857	-7.611214637756348	-0.18100164830684662
-4.086423397064209	-9.61640739440918	0.9767768383026123
-6.038808822631836	-11.894145965576172	-0.0023654713295400143
-5.5850019454956055	-9.961344718933105	0.600427508354187
-4.935570240020752	-8.866619110107422	0.7225700616836548
-4.893211841583252	-8.78761100769043	0.16214491426944733
-3.9164159297943115	-7.6769022941589355	0.14504073560237885
-2.8719022274017334	-5.085207939147949	0.048353299498558044
-3.505063533782959	-6.240850448608398	-0.48947057127952576
-4.0862507820129395	-7.430835723876953	0.24719654023647308
-6.7043776512146	-10.198025703430176	0.2907326817512512
-7.625504016876221	-12.606305122375488	0.42976877093315125
-4.774382591247559	-9.420292854309082	1.107347011566162
-4.286741733551025	-9.267973899841309	0.13431471586227417
-4.714221477508545	-7.490882396697998	-0.18032170832157135
-1.7902404069900513	-7.161766052246094	1.1219037771224976
-2.3243677616119385	-7.384100914001465	-0.05800671875476837
-3.2919411659240723	-7.54404354095459	0.24828830361366272
-4.613999843597412	-11.629719734191895	-0.4378707706928253
-5.793134689331055	-11.884827613830566	0.426215797662735
-3.251086473464966	-11.357987403869629	0.43541911244392395
-4.152742862701416	-7.733654975891113	1.2620891332626343
-4.091230869293213	-8.629267692565918	-1.2622710466384888
-3.279155969619751	-6.272042274475098	-0.5115068554878235
-2.7124006748199463	-5.840262413024902	-0.7270424365997314
-3.792386770248413	-7.258846282958984	-0.7600441575050354
-4.886603832244873	-9.1629638671875	-0.4743296504020691
-7.160444259643555	-10.927597045898438	0.07265923172235489
-7.704723358154297	-13.237444877624512	-0.36907097697257996
-6.7863264083862305	-7.034748554229736	0.5740625262260437
-5.576938629150391	-8.291580200195312	-0.5809769630432129
-4.071081161499023	-7.434877395629883	0.46498268842697144
-3.007874011993408	-6.428000450134277	1.2220485210418701
-3.9762136936187744	-7.136483192443848	-0.2544461786746979
-4.074069499969482	-8.592206001281738	0.27677929401397705
-4.680070877075195	-11.260169982910156	0.22209572792053223
-5.988884925842285	-12.41218376159668	-0.061741672456264496
-2.7710490226745605	-10.152305603027344	0.5284864902496338
-5.527129173278809	-6.993884563446045	0.8854427933692932
-4.710898399353027	-8.537216186523438	-1.120141625404358
-2.264828681945801	-6.5991668701171875	0.2757450044155121
-2.852107286453247	-6.358214378356934	-0.2801216244697571
-4.55986213684082	-7.351386547088623	-0.445311963558197
-5.764069557189941	-8.688587188720703	-0.5288121104240417
-7.927594184875488	-11.18452262878418	-0.4623873829841614
-5.941748142242432	-11.228450775146484	0.1287984699010849
-4.7648539543151855	-10.141741752624512	1.2823057174682617
-3.499757766723633	-8.852177619934082	0.130570188164711
-2.900843620300293	-6.540403842926025	0.9604483842849731
-3.3869621753692627	-5.526190757751465	0.5832849740982056
-3.52793288230896	-7.2515869140625	0.13585658371448517
-4.525740146636963	-10.060206413269043	0.4595335125923157
-5.826385974884033	-12.66909122467041	-0.3967287838459015
-5.3743791580200195	-11.90286922454834	1.1836742162704468
-4.967585563659668	-7.06857442855835	1.7094887495040894
-5.118171215057373	-8.674585342407227	-0.9907972812652588
-2.7727537155151367	-7.149670600891113	-0.6340804100036621
-3.447439670562744	-4.778223037719727	0.11473014950752258
-3.510110378265381	-6.798163414001465	-0.7262762784957886
-4.730636119842529	-8.444435119628906	0.5615360736846924
-5.930341720581055	-11.613362312316895	-0.18275421857833862
-7.093616962432861	-12.740734100341797	0.6187000274658203
-6.574659824371338	-7.679660797119141	0.21032583713531494
-4.922210216522217	-8.977777481079102	-0.9937182068824768
-3.3072736263275146	-8.013814926147461	0.6224828362464905
-3.668999195098877	-5.649588584899902	1.4738417863845825
-3.865582227706909	-6.132967948913574	-0.05398445948958397
-4.3288893699646	-8.113317489624023	0.7414459586143494
-6.056411266326904	-12.444198608398438	-0.5562209486961365
-5.751523971557617	-11.461082458496094	0.11199118196964264
-4.050568103790283	-8.944412231445312	1.7778863906860352
-5.576766014099121	-8.46937370300293	0.866844654083252
-3.56211256980896	-7.659214019775391	-0.7084060311317444
-2.094917058944702	-5.15968656539917	-0.809891402721405
-3.6221015453338623	-5.830436706542969	-1.0040994882583618
-4.975409507751465	-7.823331356048584	-0.3211103081703186
-7.32689905166626	-10.011286735534668	-0.6073994040489197
-7.8492655754089355	-12.827864646911621	-0.039944861084222794
-6.2388014793396	-8.855443000793457	0.1659756302833557
-5.877420425415039	-8.721770286560059	-0.6069109439849854
-3.415386199951172	-8.675064086914062	-0.14573027193546295
-2.6018364429473877	-6.486553192138672	1.3051655292510986
-3.4668614864349365	-5.779449939727783	-0.007728483062237501
-2.914097785949707	-7.165127277374268	-0.23683442175388336
-5.063660144805908	-11.266289710998535	0.050584692507982254
-6.492730617523193	-12.667520523071289	0.6353636384010315
-4.889371395111084	-9.324103355407715	1.3955897092819214
-5.630453586578369	-7.049726963043213	0.9898204207420349
-5.416277885437012	-8.229292869567871	-1.1733981370925903
-2.901341438293457	-5.980485916137695	-0.36189794540405273
-3.4539711475372314	-4.571938991546631	-0.49765875935554504
-4.9333577156066895	-7.429600715637207	-0.75199955701828
-6.288897514343262	-9.283258438110352	-0.18937177956104279
-7.9283318519592285	-11.906431198120117	0.2079603523015976
-7.218594551086426	-10.145822525024414	0.9661370515823364
-6.449357032775879	-7.722985744476318	-0.4513740539550781
-5.0479350090026855	-7.971590518951416	-0.8339483737945557
-3.545017719268799	-7.005204200744629	1.1087547540664673
-3.470261335372925	-6.15073299407959	0.9263358116149902
-4.24346399307251	-6.9212446212768555	0.03405512496829033
-4.51243782043457	-9.301712989807129	0.1370919942855835
-5.936652660369873	-11.031447410583496	0.4416823387145996
-5.958392143249512	-10.874435424804688	0.7190362811088562
-4.612046241760254	-8.186819076538086	0.8421939611434937
-5.7198052406311035	-9.449406623840332	-0.6643335223197937
-3.7107157707214355	-7.510543346405029	0.343031644821167
-2.861013650894165	-4.79640007019043	0.10251971334218979
-4.061705589294434	-5.782322883605957	-0.8466567397117615
-5.35751485824585	-8.426785469055176	0.12972743809223175
-6.583029747009277	-10.745110511779785	-0.28688281774520874
-8.4014253616333	-11.392435073852539	0.05049850046634674
-6.659567832946777	-8.308808326721191	0.8158673048019409
-4.707556247711182	-8.529190063476562	-0.56754070520401
-4.274349212646484	-7.504175186157227	0.3529244661331177
-3.5199363231658936	-6.493927478790283	1.2632383108139038
-4.110959529876709	-6.93119478225708	0.11276689916849136
-3.790212869644165	-7.816225528717041	0.283981055021286
-4.502631187438965	-10.54978084564209	0.9203024506568909
-5.052272796630859	-11.874933242797852	0.3318172097206116
-5.828061580657959	-8.978620529174805	1.0606696605682373
-6.667525768280029	-8.64151668548584	0.5672534108161926
-4.454220771789551	-9.45044994354248	-0.458853542804718
-2.4677419662475586	-6.144450664520264	-0.8154746890068054
-3.2611515522003174	-4.703303813934326	-1.2978488206863403
-4.488639831542969	-6.9619269371032715	-1.0275434255599976
-6.065767765045166	-9.734814643859863	0.1177755743265152
-7.804264068603516	-12.146149635314941	0.5654050707817078
-6.827075481414795	-9.302929878234863	0.7599387764930725
-6.842896461486816	-7.204535961151123	-0.18797355890274048
-5.184212684631348	-9.4879150390625	-1.4164671897888184
-2.6955552101135254	-8.256682395935059	1.889685869216919
-2.9114067554473877	-6.71260404586792	0.8277904391288757
-3.07143497467041	-7.800069808959961	-1.1026830673217773
-3.2565739154815674	-8.323308944702148	0.38559097051620483
-4.884583473205566	-11.412671089172363	-0.3780635893344879
-4.905460834503174	-11.057093620300293	1.0894097089767456
-2.7287003993988037	-9.716158866882324	0.40359535813331604
-6.111937046051025	-7.873773097991943	0.3529532253742218
-3.4855363368988037	-8.182806968688965	-0.19255128502845764
-2.5670344829559326	-6.338160514831543	0.6086539030075073
-3.0279088020324707	-6.452775955200195	-0.44250592589378357
-3.726776123046875	-7.512861251831055	-0.6226648092269897
-5.90521240234375	-10.731348991394043	-0.6664404273033142
-8.613829612731934	-12.981438636779785	0.19505082070827484
-6.250925064086914	-8.733491897583008	0.28515899181365967
-5.755373477935791	-8.786882400512695	-0.7497681975364685
-4.403990268707275	-8.58689022064209	-0.4725579619407654
-2.9118664264678955	-6.9542365074157715	1.1972923278808594
-3.268707752227783	-6.857635021209717	-0.43835920095443726
-3.654461622238159	-7.372819900512695	-0.587364673614502
-4.323257923126221	-9.631202697753906	-0.19499336183071136
-4.3343095779418945	-11.992585182189941	-0.3458089232444763
-4.675339698791504	-11.529507637023926	1.1608238220214844
-4.356508731842041	-9.215282440185547	1.8598254919052124
-5.866445541381836	-8.687820434570312	-0.19828778505325317
-2.991516590118408	-6.8709564208984375	-0.9544915556907654
-2.915907621383667	-5.4950852394104	-0.740402102470398
-3.620262622833252	-6.93437385559082	-0.8983811140060425
-4.870591640472412	-8.263223648071289	-0.23063825070858002
-7.046892166137695	-10.42752456665039	-0.014384363777935505
-8.184080123901367	-10.803116798400879	0.28098350763320923
-8.380960464477539	-8.081733703613281	0.3795001208782196
-6.997600555419922	-10.07194709777832	-0.33489134907722473
-4.203155040740967	-8.29155158996582	1.2449753284454346
-3.026395559310913	-6.917385101318359	0.630967915058136
-2.829745292663574	-7.462525367736816	-0.8646898865699768
-2.696732997894287	-7.989968299865723	-0.3868359625339508
-3.872774362564087	-11.010828018188477	-0.524569571018219
-4.281263828277588	-11.616781234741211	0.3494672477245331
-3.602095603942871	-10.301780700683594	1.0452797412872314
-5.38263463973999	-9.544206619262695	0.9308273196220398
-4.812163352966309	-8.778904914855957	-0.7665084600448608
-3.4178569316864014	-6.072136402130127	-0.24415110051631927
-3.899379014968872	-5.566586017608643	-0.9287012219429016
-5.0229010581970215	-6.664404392242432	-0.8017128109931946
-6.7150750160217285	-8.851621627807617	-0.09947428852319717
-8.540107727050781	-12.731128692626953	-0.07823293656110764
-7.041835308074951	-10.937613487243652	1.1326872110366821
-6.17264461517334	-7.721405982971191	0.7238438129425049
-4.146058082580566	-8.665908813476562	-0.37382107973098755
-2.2476766109466553	-8.012664794921875	0.6116610765457153
-2.7025845050811768	-7.241186618804932	0.8887180685997009
-3.10098934173584	-8.114380836486816	-0.1391126960515976
-2.6991655826568604	-9.379313468933105	1.1065425872802734
-4.254793643951416	-11.685571670532227	0.2637644112110138
-4.428717613220215	-11.642897605895996	0.444392591714859
-3.3192830085754395	-8.298360824584961	0.8428547382354736
-5.797396659851074	-9.338200569152832	-1.2087558507919312
-4.495889663696289	-8.546735763549805	-0.8231936097145081
-3.592681646347046	-6.128409385681152	0.4151066839694977
-3.2231414318084717	-6.361786842346191	-1.0111000537872314
-4.056696891784668	-7.07821798324585	-0.4790606200695038
-5.495219707489014	-9.581010818481445	-0.43487322330474854
-6.640538692474365	-12.517815589904785	0.371120423078537
-6.0718674659729	-9.714674949645996	0.8985726237297058
-5.515398025512695	-8.548325538635254	-0.15475161373615265
-3.8794398307800293	-9.673149108886719	-0.8845809102058411
-2.783489227294922	-7.558676719665527	0.7527945041656494
-3.2379469871520996	-6.639389514923096	0.42457816004753113
-3.4010114669799805	-7.354892253875732	-0.1261935830116272
-3.903219223022461	-9.896164894104004	0.5662861466407776
-5.066561698913574	-12.256311416625977	0.03796246275305748
-5.036375522613525	-11.488404273986816	0.69806307554245
-4.237622261047363	-7.145590782165527	1.1237521171569824
-5.67575216293335	-9.018536567687988	-0.5522178411483765
-3.4226932525634766	-8.483719825744629	-0.5839841365814209
-2.7722175121307373	-6.1908979415893555	-0.4448043704032898
-3.7516183853149414	-6.452076435089111	-0.9671521782875061
-4.068869113922119	-7.938138484954834	-0.82700514793396
-5.501358509063721	-9.400880813598633	-0.30238765478134155
-6.671653747558594	-13.094616889953613	-0.27440422773361206
-5.651273727416992	-9.73245906829834	0.9144414067268372
-4.836555480957031	-9.14803409576416	0.15406209230422974
-4.167577266693115	-8.696555137634277	-0.3141479790210724
-3.7441961765289307	-6.51357889175415	1.0474249124526978
-3.750603199005127	-6.378661155700684	0.29001444578170776
-3.6620752811431885	-7.7784743309021	0.11201991140842438
-4.216572284698486	-10.458342552185059	0.5913582444190979
-5.107205390930176	-10.623226165771484	0.4284855127334595
-3.8357887268066406	-10.318109512329102	0.6638163328170776
-3.4650418758392334	-8.833675384521484	0.8166621923446655
-4.372856140136719	-9.623014450073242	-0.7719768285751343
-3.388293504714966	-8.554320335388184	0.08556877076625824
-2.7329907417297363	-6.45604133605957	-0.8589821457862854
-3.430670738220215	-6.903517723083496	-1.6948745250701904
-4.717018127441406	-8.4056396484375	-1.6446155309677124
-6.143914222717285	-9.915404319763184	-0.7024970650672913
-6.377933025360107	-13.594315528869629	-0.15108370780944824
-4.456959247589111	-9.083687782287598	0.9680523872375488
-4.017575740814209	-9.446677207946777	-0.088978111743927
-3.12351393699646	-8.294490814208984	-0.09480081498622894
-2.5877490043640137	-6.909273624420166	0.6309391856193542
-3.452486753463745	-7.5810866355896	0.05377376824617386
-3.052243232727051	-8.772479057312012	0.8832305669784546
-4.179337501525879	-9.840245246887207	0.6001592874526978
-5.424753189086914	-11.111777305603027	-0.08700528740882874
-3.599576950073242	-8.936290740966797	0.8442338109016418
-4.3890509605407715	-10.363990783691406	-0.7698028683662415
-3.4422011375427246	-8.459012031555176	-0.8101978898048401
-2.8226966857910156	-6.319868564605713	-1.8058314323425293
-3.42297101020813	-6.294576644897461	-1.9435842037200928
-4.506596088409424	-6.950511455535889	-1.2644257545471191
-5.350466251373291	-9.310072898864746	-0.512435793876648
-6.496666431427002	-14.136937141418457	-0.4767525792121887
-4.931433200836182	-9.510516166687012	0.9050082564353943
-5.0838093757629395	-9.487933158874512	-0.6742454767227173
-4.510206699371338	-7.881788730621338	-0.12159671634435654
-2.5866284370422363	-6.936021327972412	0.6215443015098572
-3.0717415809631348	-7.183409690856934	-0.22956565022468567
-3.2079238891601562	-8.139749526977539	1.0027587413787842
-5.377013206481934	-9.599742889404297	0.16924133896827698
-5.924404144287109	-10.632084846496582	0.4811866581439972
-3.74160099029541	-9.305773735046387	0.7073429822921753
-3.742079734802246	-10.729643821716309	-0.5508483052253723
-3.7214226722717285	-8.78028392791748	-0.7713351249694824
-2.9229276180267334	-6.8714165687561035	0.2820369601249695
-3.1080567836761475	-6.441819667816162	-0.6636344194412231
-4.116475582122803	-6.424849510192871	-0.2379262000322342
-5.256010055541992	-9.893712997436523	-0.9067991375923157
-7.701045513153076	-14.454877853393555	-0.6597174406051636
-4.971071243286133	-8.279953956604004	0.7037995457649231
-3.7920804023742676	-8.962061882019043	-1.5393376350402832
-4.147063732147217	-8.432943344116211	0.32864728569984436
-1.9724966287612915	-7.649780750274658	1.8593178987503052
-3.176378011703491	-6.867757797241211	0.125484898686409
-3.859769344329834	-7.3326544761657715	0.09426451474428177
-4.945376873016357	-10.441706657409668	0.44968852400779724
-6.026627063751221	-11.347271919250488	0.5946143865585327
-5.379522323608398	-9.473071098327637	0.31441614031791687
-4.421477317810059	-8.397298812866211	0.04872678965330124
-4.172174453735352	-10.181514739990234	-0.6976224780082703
-2.753887414932251	-6.638489246368408	1.0774482488632202
-2.7714896202087402	-5.7552876472473145	-0.49572423100471497
-4.132277488708496	-7.554434299468994	-0.47838065028190613
-5.039066791534424	-9.018948554992676	-0.30001264810562134
-7.422982692718506	-10.617920875549316	-0.03777092695236206
-6.199881076812744	-12.088037490844727	0.06461471319198608
-3.4581944942474365	-8.828781127929688	0.5906304121017456
-3.0041868686676025	-9.545088768005371	-0.7880562543869019
-2.8970608711242676	-7.7675371170043945	0.030597899109125137
-2.425307035446167	-6.641678333282471	0.6295409798622131
-3.2709202766418457	-7.066696643829346	0.016481684520840645
-3.6578423976898193	-8.53648853302002	0.8422131538391113
-4.95414924621582	-11.991004943847656	0.4465090334415436
-4.824393272399902	-11.88770866394043	0.9067608118057251
-3.093452215194702	-10.572966575622559	0.34635478258132935
-3.8011975288391113	-7.697434902191162	0.5064119696617126
-3.7511489391326904	-8.987344741821289	-0.48332229256629944
-1.8463507890701294	-6.6790947914123535	0.6055702567100525
-2.53314208984375	-6.325624465942383	-0.6149171590805054
-3.57021427154541	-8.175270080566406	-0.25779807567596436
-4.590048313140869	-9.035995483398438	-0.3372184932231903
-6.824164390563965	-12.09235668182373	-0.9998856782913208
-5.585538387298584	-11.910971641540527	0.035108573734760284
-5.1621479988098145	-8.442501068115234	0.5397584438323975
-3.539108991622925	-8.964618682861328	-0.8099392652511597
-2.167470693588257	-7.265549659729004	0.6044880151748657
-2.8180997371673584	-6.37681245803833	0.11643481254577637
-3.506404161453247	-7.6649699211120605	0.16619591414928436
-4.0743088722229	-10.288497924804688	0.8461874723434448
-5.2573699951171875	-12.101367950439453	0.2796427607536316
-3.7967729568481445	-11.359702110290527	0.3933098614215851
-4.422425746917725	-7.720247268676758	-0.03208230063319206
-3.875886917114258	-9.451091766357422	-1.7402973175048828
-2.046266794204712	-7.377895355224609	-1.2031054496765137
-2.6174752712249756	-5.65410852432251	-0.7402488589286804
-3.47945499420166	-7.1862921714782715	-1.1229571104049683
-4.808887958526611	-8.788348197937012	-0.07444052398204803
-6.873398780822754	-11.162227630615234	0.20270270109176636
-5.421257972717285	-12.875805854797363	-0.5642750263214111
-6.030879497528076	-8.013106346130371	-0.06691315025091171
-5.025094032287598	-9.398506164550781	-0.5967691540718079
-3.1539106369018555	-7.4309892654418945	1.1667232513427734
-2.5600430965423584	-6.451703071594238	-0.014614207670092583
-3.7681190967559814	-7.309210300445557	-1.0298036336898804
-4.122097015380859	-8.781807899475098	0.8274169564247131
-4.684226989746094	-12.275809288024902	-0.25971341133117676
-5.054744243621826	-12.113061904907227	0.5153566598892212
-2.977017402648926	-8.274965286254883	0.3364619314670563
-5.342239856719971	-8.245706558227539	-0.30734845995903015
-2.928041696548462	-9.145390510559082	-1.3737068176269531
-3.045271158218384	-6.243187427520752	-0.02756205014884472
-3.4089410305023193	-6.4706268310546875	-0.7192660570144653
-3.8627476692199707	-7.545517921447754	-0.5609614849090576
-5.767334938049316	-9.252286911010742	0.08961975574493408
-7.955865383148193	-11.050945281982422	0.8081005215644836
-5.3104352951049805	-9.358542442321777	0.18631677329540253
-5.137171268463135	-10.044136047363281	-0.731505274772644
-4.731277942657471	-9.744917869567871	-0.025742456316947937
-3.5571131706237793	-7.712614059448242	1.8568567037582397
-3.3834569454193115	-5.9690704345703125	0.4873541295528412
-2.8907973766326904	-6.457966327667236	-0.32276710867881775
-3.806339979171753	-8.986349105834961	-0.02151908539235592
-4.409266948699951	-11.982328414916992	0.19840270280838013
-4.446884632110596	-11.971927642822266	0.9541564583778381
-4.1184868812561035	-8.95505142211914	0.9059467911720276
-5.445879936218262	-9.694131851196289	-0.2135053277015686
-3.141479969024658	-8.304346084594727	0.13985967636108398
-2.972219467163086	-5.280249118804932	-0.030138209462165833
-3.5063276290893555	-5.747079849243164	-0.6591429114341736
-4.321381092071533	-8.19135856628418	-0.7308635711669922
-6.109992980957031	-10.46471118927002	-1.2449848873075098E-4
-6.9300360679626465	-11.86011791229248	0.03769431263208389
-5.682791233062744	-9.310294151306152	-0.25510698556900024
-5.213068008422852	-9.541669845581055	-0.5692070722579956
-4.957137107849121	-9.07590103149414	0.7345889806747437
-3.672753095626831	-7.230201721191406	1.307722568511963
-3.474628448486328	-6.133801460266113	0.2266351282596588
-2.8163089752197266	-6.846181869506836	0.10844776034355164
-3.535172939300537	-9.472027778625488	-0.05917508900165558
-3.8623452186584473	-12.05715274810791	-0.006129156332463026
-4.269014835357666	-12.494400024414062	0.1795363873243332
-4.092236518859863	-9.934337615966797	1.466496467590332
-5.58702278137207	-9.557519912719727	-1.2835602760314941
-3.5412540435791016	-6.7521562576293945	0.28326278924942017
-3.1954355239868164	-4.992092132568359	0.01886630989611149
-3.7799081802368164	-6.205349445343018	-0.846599280834198
-3.694166898727417	-8.443937301635742	-0.6552642583847046
-6.005874156951904	-10.475829124450684	-0.04308605194091797
-7.272560119628906	-12.395672798156738	-0.3312425911426544
-7.0932536125183105	-9.573301315307617	0.4184490144252777
-5.644253730773926	-10.349530220031738	-0.04042370244860649
-3.292171001434326	-8.345305442810059	1.199284315109253
-2.647977590560913	-6.598659038543701	0.30912017822265625
-2.757009506225586	-6.605621814727783	-0.9478166103363037
-2.7627556324005127	-7.324016094207764	-0.03702393174171448
-4.157196521759033	-10.913116455078125	-0.27546727657318115
-4.5658769607543945	-13.788763046264648	0.3269425928592682
-2.0340561866760254	-10.316472053527832	1.9160891771316528
-6.104132175445557	-9.637877464294434	0.22540929913520813
-4.354813575744629	-8.678061485290527	-0.9093273878097534
-2.870992660522461	-6.017624855041504	-0.06969042122364044
-3.392909526824951	-5.941039085388184	-1.1072895526885986
-4.456500053405762	-7.081081390380859	-0.8057925701141357
-5.851783275604248	-9.434313774108887	-0.18321390450000763
-7.625436305999756	-12.961642265319824	0.08863334357738495
-5.378564357757568	-9.981857299804688	1.0914685726165771
-5.379091262817383	-8.79921817779541	0.32175198197364807
-5.083033561706543	-8.46572494506836	-0.3296815752983093
-2.640737533569336	-7.933752536773682	1.196526288986206
-2.8135221004486084	-6.9706315994262695	-0.05227021127939224
-3.6312856674194336	-7.86998987197876	-0.295185923576355
-2.9694900512695312	-9.066027641296387	0.28313830494880676
-4.307312488555908	-11.64268684387207	-0.11769896000623703
-4.586983680725098	-12.54997444152832	-0.04099830985069275
-3.3798561096191406	-7.761005878448486	1.0776876211166382
-6.173037052154541	-8.297574996948242	-0.2680835425853729
-4.98807954788208	-8.603065490722656	-1.0933265686035156
-3.8881547451019287	-6.328267574310303	-0.6667564511299133
-3.427692413330078	-6.540231227874756	-1.0345250368118286
-4.326159477233887	-6.269992828369141	-0.4687463939189911
-5.766722202301025	-8.758574485778809	-0.1748725026845932
-6.102456092834473	-13.6908597946167	-0.6118334531784058
-5.262397766113281	-9.197938919067383	1.140808343887329
-5.635251522064209	-7.763036251068115	-0.18877801299095154
-4.5832390785217285	-8.730446815490723	-0.581714391708374
-3.375786066055298	-7.4586567878723145	1.1671254634857178
-3.1837329864501953	-8.266900062561035	0.1514476239681244
-3.9712142944335938	-7.170462131500244	0.5487989187240601
-4.933913707733154	-7.495814323425293	0.004137180279940367
-6.242344856262207	-9.879501342773438	-0.21058441698551178
-5.069655418395996	-12.275656700134277	1.0024619102478027
-4.953497886657715	-8.273183822631836	1.1817395687103271
-4.992370128631592	-9.9351806640625	-1.0119045972824097
-5.472148895263672	-8.03170394897461	0.8016648888587952
-4.916837692260742	-7.550230026245117	0.5562017560005188
-5.300436973571777	-6.723531246185303	1.3226815462112427
-7.291531562805176	-8.179359436035156	5.320097923278809
-6.9189558029174805	-10.903913497924805	4.002837181091309
-3.811396837234497	-13.074773788452148	5.374121189117432
-3.492795467376709	-7.244662761688232	4.55012321472168
-3.002683401107788	-6.770064830780029	0.5738422870635986
-4.751733779907227	-4.885397434234619	2.6719770431518555
-1.8224087953567505	-5.832840442657471	3.689330816268921
-4.021923542022705	-5.031519889831543	5.478872299194336
-3.4201745986938477	-5.286090850830078	7.0753254890441895
-3.5868875980377197	-6.542634963989258	7.876731872558594
-2.9880118370056152	-7.300686836242676	7.407985687255859
-5.3998823165893555	-5.746840953826904	6.756217002868652
-3.2732279300689697	-7.288332939147949	5.877200126647949
-3.8913631439208984	-6.740472793579102	8.279934883117676
-3.62410306930542	-7.087574005126953	8.4014253616333
-2.9319679737091064	-6.4485907554626465	7.6794209480285645
-2.9525773525238037	-6.263212203979492	8.767087936401367
-3.298769235610962	-5.660745143890381	8.777105331420898
-3.268075704574585	-4.97725772857666	9.666474342346191
-2.444211721420288	-3.9900903701782227	8.119600296020508
-2.115870952606201	-3.321265459060669	9.035975456237793
-2.2033743858337402	-2.617140054702759	7.6827921867370605
-2.116225242614746	-2.1367387771606445	7.875774383544922
-2.896409511566162	-1.6739492416381836	8.94300365447998
