#Sensor Monitor 1.0#Sensor data: Acceleration
#Tue May 18 18:42:54 GMT+08:00 2021

#X(m/s²)	Y(m/s²)	Z(m/s²)
-7.104650020599365	-4.446971416473389	3.8847455978393555
-6.662919998168945	-4.661319255828857	3.6920313835144043
-6.764941215515137	-4.602622985839844	2.3974099159240723
-7.3301262855529785	-5.2147536277771	4.33307409286499
-7.577906608581543	-4.760554313659668	3.5310165882110596
-6.983091354370117	-6.329263687133789	3.748065233230591
-7.106698989868164	-5.908066272735596	2.01680850982666
-5.270873546600342	-6.773570537567139	1.733651041984558
-6.286953449249268	-7.384599208831787	1.8133203983306885
-7.880084037780762	-7.546725273132324	2.120055913925171
-10.32034969329834	-6.797942638397217	3.0015532970428467
-11.77078628540039	-5.451912879943848	3.194382429122925
-11.813977241516113	-5.0131330490112305	3.9166266918182373
-11.706985473632812	-6.371756076812744	2.626649856567383
-10.165943145751953	-5.461394309997559	1.3678745031356812
-8.59938907623291	-8.086339950561523	0.45308831334114075
-7.677831649780273	-8.794832229614258	0.19401653110980988
-6.076742649078369	-7.730513095855713	0.52803635597229
-5.362714767456055	-7.740348815917969	0.9744879603385925
-3.7554585933685303	-8.180039405822754	0.22714270651340485
-3.552861213684082	-9.560564041137695	-0.5978225469589233
-6.586315155029297	-9.439168930053711	-0.1776401847600937
-6.815430164337158	-9.153694152832031	1.3163703680038452
-9.373108863830566	-7.8870368003845215	2.124767780303955
-8.820871353149414	-8.304729461669922	-0.1452227085828781
-6.401233196258545	-4.68840217590332	0.5766770243644714
-4.586160182952881	-4.207273006439209	0.10853394865989685
-6.090935707092285	-3.9079883098602295	-2.235130786895752
-9.546697616577148	-6.491523265838623	0.6101670861244202
-11.237396240234375	-7.409900665283203	0.6330940127372742
-9.995179176330566	-7.92294979095459	1.5355931520462036
-11.203312873840332	-6.375433444976807	0.2267596274614334
-11.29736614227295	-4.781125068664551	1.364129900932312
-9.109238624572754	-7.31230354309082	0.6658753752708435
-7.422571182250977	-5.99112606048584	0.8625351190567017
-4.85618782043457	-4.860928535461426	0.986976146697998
-3.8730905055999756	-5.265462398529053	0.36010709404945374
-4.093251705169678	-6.72002649307251	0.564169704914093
-5.335315704345703	-9.024272918701172	-0.18087714910507202
-6.086970806121826	-10.785150527954102	0.7489445805549622
-7.568914413452148	-10.923468589782715	1.3371903896331787
-6.815784454345703	-11.360276222229004	-0.45413216948509216
-8.072233200073242	-8.47094440460205	-0.9549321532249451
-6.132929801940918	-5.676202297210693	-2.816950798034668
-4.753496170043945	-4.885655879974365	-2.086824417114258
-6.031942367553711	-4.067844390869141	-1.083012342453003
-7.528059482574463	-5.574132442474365	0.031699229031801224
-12.469289779663086	-7.545164108276367	0.6058383584022522
-12.765079498291016	-8.072108268737793	1.2135441303253174
-13.64272689819336	-4.886690139770508	0.5354680418968201
-10.802053451538086	-11.344167709350586	1.0178134441375732
-7.429140567779541	-10.544082641601562	2.121368169784546
-5.108939170837402	-8.046892166137695	2.508012533187866
-3.5873570442199707	-7.047361373901367	0.6416460275650024
-3.332364797592163	-7.225327014923096	-0.5211123824119568
-4.558416366577148	-7.971398830413818	-0.533351480960846
-6.09711217880249	-10.682668685913086	0.0360279455780983
-7.351999282836914	-10.123441696166992	-0.0026144683361053467
-7.9641008377075195	-8.381017684936523	1.162346601486206
-9.676233291625977	-8.413751602172852	-1.0958548784255981
-7.658610820770264	-7.7784833908081055	0.0161177646368742
-7.226754188537598	-6.165777683258057	-0.4230554401874542
-7.640960216522217	-5.151709079742432	-1.1624807119369507
-9.297030448913574	-4.210663795471191	-1.0814129114151
-11.05741024017334	-6.193770885467529	-1.2374862432479858
-11.966852188110352	-8.243064880371094	0.3598102033138275
-9.481613159179688	-7.190352439880371	1.4192348718643188
-9.168729782104492	-8.64423656463623	1.3148572444915771
-7.944324970245361	-9.660977363586426	2.698150396347046
-6.04031229019165	-8.38989543914795	3.683709144592285
-5.129711627960205	-8.073583602905273	1.6228666305541992
-4.99388313293457	-8.42057991027832	0.2905028760433197
-4.512016773223877	-9.436171531677246	0.8299643397331238
-4.007558345794678	-11.470993995666504	0.13645035028457642
-4.22208833694458	-12.259567260742188	-0.25289472937583923
-6.257744312286377	-10.942354202270508	1.9413241147994995
-8.426230430603027	-9.926321983337402	0.24512794613838196
-7.250504970550537	-6.940886497497559	-1.0701507329940796
-7.465551853179932	-4.388092994689941	-0.26240450143814087
-7.4433722496032715	-4.020496845245361	-1.1046558618545532
-9.418167114257812	-4.9656219482421875	-0.29403671622276306
-11.920692443847656	-7.735742092132568	1.027945637702942
-12.281488418579102	-9.57730484008789	1.856760859489441
-9.594562530517578	-8.057666778564453	1.8412081003189087
-9.692427635192871	-9.94521713256836	2.344881057739258
-7.462640762329102	-11.13802719116211	3.8799188137054443
-5.005346775054932	-8.055387496948242	3.4271559715270996
-4.102733135223389	-7.0388288497924805	0.6403436064720154
-3.4859960079193115	-7.662067890167236	-0.1010640412569046
-4.174482345581055	-10.60747241973877	-0.6871742010116577
-4.60846471786499	-10.933792114257812	1.2127493619918823
-6.2871928215026855	-11.878649711608887	0.7828848361968994
-9.415428161621094	-10.836291313171387	1.0382695198059082
-8.759033203125	-8.30224895477295	-0.7748498320579529
-6.469008445739746	-5.335306167602539	-0.6341091394424438
-5.639915466308594	-4.55070686340332	-1.710599660873413
-7.137229919433594	-5.030811309814453	-1.5670241117477417
-11.280913352966309	-6.180239200592041	-0.6112205386161804
-12.868058204650879	-8.891087532043457	-0.1926278918981552
-12.088802337646484	-7.577878475189209	0.8507173657417297
-10.571779251098633	-7.550316333770752	1.143853783607483
-9.172531127929688	-10.228469848632812	0.9200725555419922
-7.1127519607543945	-10.091665267944336	1.745669960975647
-4.948134899139404	-7.510744571685791	2.2000415325164795
-4.406518459320068	-7.991433620452881	1.039811372756958
-4.349699020385742	-7.576470375061035	0.3201909363269806
-4.662813186645508	-9.92837142944336	0.09140104800462723
-4.555514812469482	-13.195815086364746	0.31049925088882446
-5.31013822555542	-12.090249061584473	1.4264652729034424
-9.312007904052734	-10.634210586547852	0.09103712439537048
-7.5403852462768555	-7.041625022888184	-1.7698513269424438
-7.028121471405029	-5.021675109863281	-1.043364405632019
-6.994114398956299	-4.3734211921691895	-1.937723159790039
-9.33889102935791	-5.849015712738037	-0.22721931338310242
-11.774866104125977	-6.813984394073486	0.11454818397760391
-13.442705154418945	-8.161469459533691	0.5466632843017578
-11.961297988891602	-8.037842750549316	0.902661919593811
-11.494600296020508	-9.806305885314941	3.4435036182403564
-8.679535865783691	-9.592723846435547	5.010345935821533
-6.672802925109863	-7.657346725463867	2.4152708053588867
-4.817995548248291	-8.000033378601074	1.2326116561889648
-3.8124022483825684	-8.888262748718262	1.4020732641220093
-4.110604763031006	-11.018662452697754	0.7520762085914612
-5.428890705108643	-10.625879287719727	0.12605950236320496
-5.096125602722168	-8.642608642578125	0.4849790632724762
-7.430327892303467	-8.869454383850098	0.5500534772872925
-6.985897541046143	-10.038178443908691	-1.1139167547225952
-7.4305100440979	-7.322915077209473	0.37396472692489624
-10.834012031555176	-4.379818439483643	-0.8944067358970642
-12.048139572143555	-2.9106407165527344	-1.5626859664916992
-10.811429977416992	-5.027554988861084	1.3325648307800293
-12.350192070007324	-6.593842506408691	0.6665744781494141
-13.245135307312012	-7.715458393096924	1.3646374940872192
-12.090670585632324	-8.502490043640137	1.5173300504684448
-9.635598182678223	-10.926667213439941	1.8248223066329956
-6.936164855957031	-9.513886451721191	1.7119596004486084
-4.85569953918457	-7.077652931213379	1.802115559577942
-3.8247756958007812	-7.221975803375244	0.7772153615951538
-3.504804849624634	-7.54457950592041	1.5548807382583618
-3.6074106693267822	-10.530216217041016	0.8588767647743225
-5.474993705749512	-11.695474624633789	0.8206844329833984
-6.644082069396973	-10.134856224060059	1.8354333639144897
-9.149978637695312	-9.570687294006348	0.03217807039618492
-6.71427059173584	-8.19922161102295	-1.4836772680282593
-7.020220756530762	-6.108872413635254	-0.3459908664226532
-8.244826316833496	-6.35560941696167	-0.8574785590171814
-11.626233100891113	-3.852059841156006	-1.6446537971496582
-13.720327377319336	-6.083407878875732	0.42041224241256714
-14.357548713684082	-8.517813682556152	0.8457661271095276
-11.704744338989258	-5.4726948738098145	1.8265748023986816
-10.358580589294434	-9.475130081176758	0.7181551456451416
-8.064620018005371	-10.003032684326172	1.0783963203430176
-6.357036590576172	-8.422618865966797	1.5732873678207397
-5.433745861053467	-7.982843399047852	0.9078717231750488
-3.6724467277526855	-9.482436180114746	-0.1061684787273407
-3.292171001434326	-10.749133110046387	0.07339664548635483
-4.585968971252441	-11.573389053344727	-0.1935664266347885
-4.293521881103516	-9.936483383178711	1.7102261781692505
-7.095245838165283	-10.655586242675781	0.7603793144226074
-7.4037909507751465	-9.481728553771973	-0.25147736072540283
-9.630619049072266	-5.815439224243164	0.26872518658638
-10.748308181762695	-4.257829189300537	0.7261901497840881
-10.256855010986328	-5.211209774017334	0.1991880089044571
-12.61485767364502	-5.820735454559326	1.405348539352417
-14.69810962677002	-7.906650066375732	-0.12372276932001114
-12.219430923461914	-5.931950569152832	0.6922978162765503
-11.61511516571045	-10.325760841369629	0.10790188610553741
-9.08190631866455	-10.30483627319336	-0.534740149974823
-6.360838413238525	-9.163538932800293	0.5871348977088928
-4.06798791885376	-8.39676284790039	-0.8084453344345093
-1.890298843383789	-8.637035369873047	-1.6218225955963135
-2.789608955383301	-9.342778205871582	-1.3421990871429443
-3.963198661804199	-10.518369674682617	0.775376558303833
-5.286876201629639	-12.042288780212402	1.584272027015686
-7.6583709716796875	-12.579422950744629	3.459669351577759
-8.306366920471191	-9.698125839233398	1.2387408018112183
-8.044517517089844	-6.995004653930664	-0.06465302407741547
-8.379907608032227	-7.403512954711914	-1.038499355316162
-10.49528980255127	-7.0837626457214355	-0.006732495501637459
-13.648577690124512	-7.072375774383545	1.9650840759277344
-14.425372123718262	-6.404594898223877	1.0220175981521606
-12.52249813079834	-5.204477310180664	1.3694067001342773
-11.320206642150879	-8.380423545837402	-0.9842658638954163
-11.6793851852417	-10.472516059875488	0.5679812431335449
-8.410696029663086	-10.794526100158691	1.4703271389007568
-5.947637557983398	-10.167743682861328	0.28859707713127136
-3.780224084854126	-9.09691333770752	-0.03962882608175278
-1.4507330656051636	-9.159210205078125	-0.6037697792053223
-3.198739767074585	-9.53930377960205	-0.09025183320045471
-7.102973937988281	-8.819971084594727	0.18502390384674072
-9.084827423095703	-10.290556907653809	1.7059836387634277
-9.124360084533691	-11.077425956726074	-0.6221381425857544
-8.09908676147461	-8.553908348083496	1.3976680040359497
-6.330824851989746	-7.339990139007568	0.9777536392211914
-9.879921913146973	-6.198597431182861	0.0441969633102417
-13.560384750366211	-4.051994800567627	-0.6926712393760681
-15.951138496398926	-4.982496738433838	0.12081141769886017
-14.167267799377441	-6.108355522155762	1.9770551919937134
-12.549094200134277	-7.2452850341796875	1.8424243927001953
-10.450163841247559	-11.01015853881836	0.9300515651702881
-7.766598701477051	-9.116545677185059	1.7622473239898682
-5.106774806976318	-8.497758865356445	1.665042757987976
-4.824891090393066	-8.123661041259766	1.0648069381713867
-4.34680700302124	-9.809015274047852	0.9586862325668335
-3.2545723915100098	-10.420005798339844	0.3185245990753174
-4.452132701873779	-10.59366226196289	0.8803479671478271
-6.730915069580078	-10.87194538116455	0.9673819541931152
-8.704570770263672	-11.81299114227295	-0.07782112807035446
-8.835227012634277	-7.899016857147217	-0.4791276454925537
-7.784517288208008	-6.077316761016846	-1.1565334796905518
-8.848423957824707	-5.125545501708984	-2.699960470199585
-11.140469551086426	-5.605879306793213	-0.8252909183502197
-13.619157791137695	-6.831327438354492	-0.16532441973686218
-13.281067848205566	-4.182517051696777	-0.130110502243042
-10.81455135345459	-7.100771427154541	0.3465176224708557
-11.533003807067871	-10.624289512634277	1.2065722942352295
-8.141914367675781	-10.28492546081543	5.210817337036133
-6.316727638244629	-8.508427619934082	3.1617541313171387
-5.031587600708008	-8.779528617858887	0.48340848088264465
-3.6037330627441406	-7.813582420349121	1.6158275604248047
-4.102225303649902	-11.1739501953125	0.10135135054588318
-4.041910171508789	-11.332063674926758	-0.08801085501909256
-5.272242546081543	-11.268904685974121	1.1274104118347168
-8.759771347045898	-11.017550468444824	0.5431773066520691
-7.5464372634887695	-9.989280700683594	-0.6365512013435364
-6.733558177947998	-7.0308122634887695	-0.743983805179596
-7.699024677276611	-5.991508960723877	-0.585286557674408
-9.65548038482666	-6.820295333862305	0.03499365225434303
-12.197135925292969	-6.04893159866333	0.08783847093582153
-13.953819274902344	-5.903076648712158	0.8010615706443787
-11.853606224060059	-6.939047813415527	0.9202736616134644
-11.598337173461914	-9.707022666931152	-0.8030248284339905
-10.992048263549805	-11.082366943359375	0.15883134305477142
-8.52688217163086	-9.862386703491211	0.9688376188278198
-6.895597457885742	-10.377801895141602	0.16293978691101074
-3.466794490814209	-10.120060920715332	-0.46836331486701965
-1.4212363958358765	-10.420503616333008	-1.3742622137069702
-3.5281341075897217	-11.089491844177246	-0.7661541104316711
-4.047944068908691	-11.923622131347656	0.005449202843010426
-6.758659362792969	-11.111748695373535	1.2482506036758423
-8.703564643859863	-11.284034729003906	0.17290924489498138
-6.465024471282959	-8.894181251525879	0.3184192478656769
-7.95017671585083	-7.170490264892578	-0.44438299536705017
-10.541976928710938	-7.61078405380249	-1.6643532514572144
-12.148467063903809	-7.726826190948486	2.573805093765259
-14.660970687866211	-5.916235446929932	-0.38884708285331726
-15.015599250793457	-3.4220898151397705	0.5650986433029175
-11.7116117477417	-8.406818389892578	0.16014336049556732
-11.934674263000488	-11.755722045898438	-0.5703467130661011
-9.953126907348633	-11.470964431762695	1.2170398235321045
-7.644714832305908	-11.074121475219727	0.0956052616238594
-3.9843153953552246	-10.226717948913574	-0.8336418867111206
-1.1545414924621582	-8.396034240722656	-1.0781282186508179
-2.138472080230713	-10.409453392028809	-1.8579484224319458
-5.608015060424805	-9.662107467651367	-0.4549366235733032
-6.149143218994141	-10.731252670288086	0.6419908404350281
-8.24843692779541	-11.208062171936035	2.0993127822875977
-7.200360298156738	-9.5005464553833	1.1281574964523315
-6.173247814178467	-7.872652530670166	0.5795882940292358
-8.205877304077148	-8.591726303100586	-0.030138209462165833
-11.404033660888672	-6.642961502075195	0.43085095286369324
-13.156904220581055	-7.308798789978027	0.5086337924003601
-15.563536643981934	-7.60277795791626	-0.39755240082740784
-12.499265670776367	-5.208374977111816	1.033078908920288
-11.086380004882812	-9.168920516967773	-1.0617518424987793
-10.20833969116211	-11.370369911193848	-0.7662786245346069
-7.708869457244873	-10.487282752990723	0.49522626399993896
-6.042150974273682	-9.971006393432617	0.08704359084367752
-2.781209945678711	-8.801084518432617	-0.7566347718238831
-2.346949815750122	-9.25368595123291	-1.1662827730178833
-3.9328689575195312	-10.669951438903809	-0.9435452818870544
-4.579341888427734	-11.807072639465332	0.149407759308815
-6.735895156860352	-12.2596435546875	1.6015772819519043
-8.13282585144043	-10.88281536102295	0.7150043845176697
-6.475855827331543	-8.586163520812988	-0.4799799919128418
-7.674709320068359	-7.016208171844482	-0.5539320707321167
-9.070175170898438	-8.095035552978516	0.30332618951797485
-11.553125381469727	-7.462688446044922	1.1170387268066406
-15.081412315368652	-6.248234272003174	1.4623209238052368
-14.385350227355957	-5.277222633361816	2.370077610015869
-11.983238220214844	-9.267935752868652	-0.3203250467777252
-11.15158748626709	-11.860990524291992	-0.749500036239624
-8.563111305236816	-10.929147720336914	0.6742358803749084
-6.504960060119629	-9.645318984985352	0.07480443269014359
-4.267023086547852	-8.981033325195312	-0.8514642715454102
-3.214531660079956	-9.7172212600708	-0.8074684739112854
-2.511460304260254	-10.907992362976074	-1.1680830717086792
-4.452353000640869	-11.737985610961914	-0.0036104561295360327
-6.197860240936279	-12.521368026733398	1.398443579673767
-7.543880462646484	-11.48657512664795	1.2400145530700684
-6.003633499145508	-9.629287719726562	0.35517504811286926
-7.745587348937988	-8.593153953552246	0.6743699908256531
-12.11584758758545	-7.317580699920654	0.4331302344799042
-13.429527282714844	-7.446226119995117	3.379875421524048
-14.989847183227539	-5.758007526397705	2.348165988922119
-15.280158996582031	-5.663579940795898	4.57063627243042
-12.396793365478516	-7.179856300354004	1.424301028251648
-12.1863431930542	-11.483712196350098	-1.0067235231399536
-11.014907836914062	-12.316999435424805	1.1526356935501099
-7.74363374710083	-11.040431022644043	0.5315606594085693
-5.615782260894775	-9.662078857421875	-0.37315070629119873
-0.7499310374259949	-9.136829376220703	-1.0661762952804565
-1.782148003578186	-10.738655090332031	-2.192064046859741
-4.248329162597656	-10.86999225616455	-0.6399796605110168
-5.055873870849609	-11.24514389038086	0.5534819960594177
-8.985583305358887	-11.580887794494629	1.6219663619995117
-9.277761459350586	-11.007735252380371	0.6852300763130188
-9.123268127441406	-6.845424652099609	-0.16552552580833435
-9.395421981811523	-6.302745819091797	0.14345099031925201
-10.973526000976562	-6.1953606605529785	1.4993256330490112
-13.217315673828125	-5.507592678070068	2.2110071182250977
-15.318657875061035	-6.289577484130859	1.6038949489593506
-12.939616203308105	-6.027364253997803	2.4157304763793945
-11.586394309997559	-10.31342601776123	-0.2571659982204437
-10.397998809814453	-11.983219146728516	-0.057594917714595795
-7.5466485023498535	-9.10073471069336	1.4987702369689941
-5.597164630889893	-9.151491165161133	0.669811487197876
-4.1736297607421875	-8.53711986541748	-0.029898790642619133
-3.078531503677368	-9.627650260925293	-0.09741527587175369
-2.8779358863830566	-10.835476875305176	-0.9007944464683533
-4.606568336486816	-11.596516609191895	0.5315127372741699
-6.177557468414307	-11.560087203979492	2.3228161334991455
-8.827996253967285	-11.402539253234863	1.3796635866165161
-7.011429309844971	-9.56379222869873	0.36811330914497375
-8.580656051635742	-7.036242485046387	-0.2290293276309967
-10.91283893585205	-6.900701999664307	0.10962571203708649
-11.830574035644531	-6.764960289001465	1.5881985425949097
-15.084371566772461	-5.3967604637146	2.3510007858276367
-14.727730751037598	-6.701954364776611	3.470424175262451
-11.861699104309082	-9.348735809326172	2.006226062774658
-11.369833946228027	-13.232781410217285	-0.3034219741821289
-8.312850952148438	-11.51339054107666	1.0199778079986572
-5.89967679977417	-9.605546951293945	1.0481910705566406
-4.2540364265441895	-9.320186614990234	0.34968751668930054
-2.2646658420562744	-9.721378326416016	-0.3470921814441681
-2.326809883117676	-11.053760528564453	-1.0605738162994385
-3.5649757385253906	-12.557635307312012	0.1285877823829651
-4.60405969619751	-11.837689399719238	1.976461410522461
-8.961257934570312	-12.615116119384766	1.0098168849945068
-8.077232360839844	-10.361003875732422	1.1310209035873413
-8.20568561553955	-7.957713603973389	0.6411480903625488
-8.871110916137695	-6.9832353591918945	-0.4187363088130951
-10.140851974487305	-6.95239782333374	0.628889799118042
-12.077752113342285	-7.567516326904297	2.9085335731506348
-15.252482414245605	-6.742340564727783	3.0738675594329834
-12.150362968444824	-5.757413387298584	2.58840012550354
-12.17515754699707	-9.822729110717773	-0.7755489349365234
-12.24831485748291	-12.35956859588623	0.0695371925830841
-8.785992622375488	-11.967005729675293	1.4415104389190674
-6.270060062408447	-10.773955345153809	-0.17329230904579163
-3.335266590118408	-9.131705284118652	-1.2011805772781372
-1.7768807411193848	-9.280137062072754	-1.269051432609558
-3.357235908508301	-10.926131248474121	-0.9860472083091736
-5.298099994659424	-11.159900665283203	0.9061287045478821
-6.287872791290283	-11.420639038085938	2.151496648788452
-9.70481014251709	-11.537772178649902	1.9518011808395386
-7.753564834594727	-9.670007705688477	0.9627084732055664
-7.735771179199219	-7.673493385314941	0.088518425822258
-9.838905334472656	-6.385680675506592	0.6989344954490662
-11.099078178405762	-7.1117658615112305	2.699845552444458
-13.121393203735352	-7.3410725593566895	2.9832231998443604
-15.49326229095459	-5.419620037078857	3.247006893157959
-12.690993309020996	-4.781843185424805	1.2900246381759644
-12.329142570495605	-10.154891967773438	-2.0417561531066895
-12.102890968322754	-12.926189422607422	0.08390240371227264
-8.321316719055176	-11.515918731689453	-0.08327033370733261
-6.034422397613525	-9.957197189331055	-0.606412947177887
-2.2037861347198486	-8.38460922241211	-1.3011912107467651
-0.5284290313720703	-8.601006507873535	-2.1476945877075195
-3.5606472492218018	-10.29942512512207	-0.8997793197631836
-6.160520553588867	-13.406246185302734	0.6593535542488098
-6.873762607574463	-12.480207443237305	3.189383029937744
-9.832123756408691	-12.650003433227539	3.2032694816589355
-8.99050521850586	-10.157238006591797	0.4927171468734741
-8.326727867126465	-7.347805023193359	-0.7384292483329773
-8.997304916381836	-7.098089694976807	0.4387422502040863
-10.667862892150879	-6.010270118713379	2.805161714553833
-11.243955612182617	-6.615361213684082	3.476802349090576
-14.3760986328125	-7.647367477416992	4.093673229217529
-11.193305015563965	-7.562363624572754	2.261744976043701
-11.135191917419434	-10.993752479553223	-1.0116747617721558
-11.3512544631958	-13.678600311279297	-0.12150094658136368
-7.949602127075195	-11.088735580444336	1.4717923402786255
-4.96859073638916	-9.405095100402832	0.5552154183387756
-3.837780714035034	-7.908364295959473	-0.008973468095064163
-3.0500693321228027	-8.944498062133789	0.30148744583129883
-2.4056460857391357	-11.321394920349121	-0.23144268989562988
-5.6082353591918945	-11.467440605163574	1.5226452350616455
-5.578106880187988	-11.74495792388916	1.5788419246673584
-9.351072311401367	-10.747206687927246	0.25173595547676086
-7.385259628295898	-8.929203987121582	-0.14758816361427307
-7.7984700202941895	-7.212503910064697	0.023760057985782623
-11.17367172241211	-6.088042736053467	-0.3580576479434967
-11.926227569580078	-7.1036057472229	-0.0528448186814785
-15.162623405456543	-4.765026569366455	1.3855628967285156
-13.63149356842041	-6.970699310302734	0.4600219130516052
-10.65991497039795	-7.4868316650390625	1.2479441165924072
-10.39911937713623	-10.015883445739746	2.027275800704956
-9.82233715057373	-10.7257080078125	5.27617883682251
-7.664988994598389	-9.228546142578125	3.190925121307373
-5.502172470092773	-8.384159088134766	2.0265958309173584
-3.75242280960083	-9.428921699523926	1.5820502042770386
-4.946487903594971	-10.935774803161621	1.0244405269622803
-3.6080620288848877	-10.955378532409668	0.5958018898963928
-2.563931465148926	-11.558056831359863	0.7192851901054382
-6.014723300933838	-12.12092399597168	-0.12339715659618378
-6.526315689086914	-11.978860855102539	-0.366743803024292
-7.293647766113281	-9.753058433532715	0.4064684212207794
-9.671684265136719	-8.711053848266602	-0.0020494365599006414
-12.597503662109375	-8.556178092956543	0.7355274558067322
-13.33156681060791	-7.702597141265869	0.8107054233551025
-15.504820823669434	-4.7720465660095215	1.956254243850708
-12.501180648803711	-6.659567832946777	1.839627981185913
-11.2749662399292	-9.455066680908203	1.1371597051620483
-11.286334037780762	-12.984694480895996	1.0435750484466553
-8.605766296386719	-12.171958923339844	2.887502908706665
-6.329483985900879	-11.038849830627441	2.3415865898132324
-3.8029019832611084	-10.043771743774414	2.170133113861084
-2.016932964324951	-10.996865272521973	2.165785312652588
-0.9272838830947876	-12.664972305297852	0.49184563755989075
-3.152043104171753	-12.217975616455078	0.9156480431556702
-4.8718461990356445	-12.69273567199707	2.09885311126709
-9.032011032104492	-13.049614906311035	0.9539074301719666
-8.888071060180664	-10.861679077148438	0.40291541814804077
-8.824060440063477	-8.124091148376465	0.8743720054626465
-10.50057601928711	-5.657412528991699	-1.7276942729949951
-9.604963302612305	-6.929978370666504	0.38757336139678955
-14.198123931884766	-5.353597640991211	-0.2959328889846802
-14.739740371704102	-5.129366397857666	-0.11245086789131165
-11.741758346557617	-7.3865814208984375	1.746646761894226
-12.225531578063965	-13.152393341064453	0.8346570730209351
-9.261299133300781	-14.381854057312012	4.237478733062744
-5.489741802215576	-11.322553634643555	4.555801868438721
-4.135705471038818	-9.971275329589844	1.83173668384552
-2.7597386837005615	-8.6936616897583	0.6856802105903625
-2.667475938796997	-11.583358764648438	1.747058629989624
-2.7313053607940674	-11.40076732635498	2.1605849266052246
-2.2933101654052734	-11.225281715393066	2.0883185863494873
-6.126972675323486	-11.957820892333984	0.5932161211967468
-7.40666389465332	-12.290337562561035	0.7445583939552307
-7.3930745124816895	-9.55179214477539	1.146324634552002
-9.003893852233887	-8.191808700561523	0.0873309001326561
-11.543203353881836	-6.066591262817383	-0.7699657082557678
-13.2022123336792	-6.4483513832092285	1.3271156549453735
-15.6607027053833	-4.501808166503906	1.3036141395568848
-12.805761337280273	-7.008345603942871	1.082485556602478
-11.794623374938965	-9.797073364257812	1.7200901508331299
-11.283393859863281	-13.776409149169922	1.5476694107055664
-7.763026714324951	-12.918931007385254	3.9784929752349854
-5.7467451095581055	-10.778092384338379	1.8158966302871704
-3.5733556747436523	-9.740474700927734	1.50091552734375
-2.143634080886841	-9.272743225097656	1.1492072343826294
-2.3293092250823975	-11.153704643249512	-0.016654066741466522
-3.070429801940918	-9.94540786743164	-0.036909010261297226
-5.027124404907227	-9.885946273803711	1.2915377616882324
-7.723962783813477	-11.422314643859863	0.8688557744026184
-8.229082107543945	-10.527161598205566	0.18372146785259247
-8.103529930114746	-7.372915744781494	0.4828817546367645
-9.280567169189453	-6.679631233215332	-0.5342517495155334
-10.6568603515625	-7.326104164123535	-0.45133575797080994
-13.760368347167969	-7.197908878326416	0.5205951929092407
-15.873414039611816	-5.532434940338135	1.1312602758407593
-11.718965530395508	-5.8772478103637695	1.800995111465454
-11.408562660217285	-10.559924125671387	-0.2894206941127777
-10.02633285522461	-11.223921775817871	0.35937923192977905
-7.2796950340271	-10.330127716064453	2.059540271759033
-5.7669901847839355	-9.826493263244629	0.8998463153839111
-3.7991957664489746	-9.286495208740234	0.32631054520606995
-2.099705219268799	-10.08126449584961	0.21268172562122345
-2.3274800777435303	-11.50498104095459	-0.7860738635063171
-3.2221357822418213	-11.752532958984375	0.6486754417419434
-6.158241271972656	-11.086284637451172	1.8497314453125
-8.957685470581055	-11.983046531677246	0.8914379477500916
-7.321047306060791	-9.556427955627441	0.5828348994255066
-7.765803813934326	-7.295534610748291	0.24045446515083313
-8.649810791015625	-7.814167022705078	-0.3595995306968689
-10.818305969238281	-7.604913711547852	0.7827123999595642
-14.35668659210205	-5.868552207946777	1.981345534324646
-11.675411224365234	-8.05109691619873	2.975734233856201
-10.959610939025879	-7.238131523132324	1.1278222799301147
-10.941032409667969	-11.89108943939209	-0.9272647500038147
-8.785772323608398	-11.079302787780762	0.4993538558483124
-7.134108066558838	-10.249634742736816	1.135972023010254
-5.775973320007324	-9.883332252502441	-0.2191748023033142
-3.9367570877075195	-8.439082145690918	-0.5087870359420776
-2.8425590991973877	-10.694554328918457	-1.3498029708862305
-3.9632275104522705	-12.129169464111328	0.15794070065021515
-3.336224317550659	-12.049424171447754	1.9257713556289673
-6.678625583648682	-12.753989219665527	2.5322322845458984
-6.565140724182129	-11.206319808959961	0.9520686864852905
-7.2130208015441895	-8.63329029083252	0.6579074859619141
-10.672872543334961	-6.973926067352295	1.1583243608474731
-10.380799293518066	-8.008767127990723	2.1547720432281494
-10.981954574584961	-8.026062965393066	3.5619688034057617
-13.230818748474121	-6.5720744132995605	3.4262940883636475
-12.255602836608887	-4.260079383850098	2.281080484390259
-12.794671058654785	-7.517075061798096	0.6017012000083923
-12.260573387145996	-11.278059959411621	-1.5128769874572754
-9.813410758972168	-12.045573234558105	0.5755948424339294
-6.750978469848633	-11.418072700500488	-0.39157646894454956
-3.044792413711548	-10.164411544799805	-1.730021357536316
-2.3453311920166016	-9.249663352966309	-1.7035319805145264
-2.779428720474243	-10.351934432983398	-1.0336439609527588
-3.919605016708374	-12.217391014099121	0.48126327991485596
-5.003000259399414	-12.969533920288086	2.8873209953308105
-7.5725250244140625	-12.844911575317383	3.303586483001709
-7.946498870849609	-9.505115509033203	0.9769012928009033
-8.587647438049316	-7.106709003448486	0.03222595527768135
-9.670056343078613	-6.951651096343994	0.1317577064037323
-10.000627517700195	-8.209660530090332	1.7096898555755615
-12.645130157470703	-7.581651210784912	1.9895528554916382
-13.346774101257324	-6.280020236968994	1.9402801990509033
-10.691471099853516	-5.3396735191345215	1.6529473066329956
-10.346963882446289	-9.618915557861328	-1.1543021202087402
-9.64855670928955	-10.44066333770752	0.22721931338310242
-7.775428771972656	-10.46311092376709	1.488944411277771
-6.604750156402588	-10.012589454650879	0.204503133893013
-5.2694172859191895	-9.296187400817871	0.05561251938343048
-2.246699810028076	-10.668084144592285	-0.5233150124549866
-2.09322190284729	-11.23520278930664	-0.827225387096405
-2.6336123943328857	-13.15674114227295	0.8373193740844727
-6.039622783660889	-12.85190200805664	2.359686851501465
-8.219467163085938	-12.751508712768555	0.3923809230327606
-7.943453788757324	-9.663841247558594	0.3661883473396301
-8.63556957244873	-7.99346399307251	-0.5225680470466614
-10.108339309692383	-8.416260719299316	0.059395354241132736
-11.591987609863281	-7.100675106048584	0.3297390341758728
-15.087388038635254	-5.989555358886719	1.3865300416946411
-13.06643295288086	-6.216324329376221	2.0834343433380127
-10.511397361755371	-9.76228141784668	1.3385024070739746
-9.290489196777344	-14.143966674804688	1.2646077871322632
-7.708179950714111	-12.752734184265137	4.69706916809082
-6.289069652557373	-11.254107475280762	2.6960628032684326
-4.02372407913208	-9.140909194946289	0.6362159848213196
-3.671757221221924	-10.118709564208984	1.4857075214385986
-3.09016752243042	-11.71277904510498	0.6096595525741577
-2.176769733428955	-12.60024356842041	-0.5020161867141724
-4.273123741149902	-10.995630264282227	2.218524694442749
-7.452862739562988	-12.575620651245117	-0.3461345136165619
-7.517850399017334	-10.72073745727539	-0.8404893279075623
-8.17701244354248	-9.006613731384277	-0.8138753771781921
-10.07874584197998	-7.805394649505615	-1.1594160795211792
-10.55814266204834	-6.8894782066345215	-0.8995877504348755
-12.4684476852417	-5.758878707885742	-0.6678673624992371
-13.199167251586914	-6.628222942352295	-0.3913753628730774
-11.760663032531738	-9.068536758422852	1.6372699737548828
-9.774778366088867	-12.341411590576172	3.582233428955078
-8.588844299316406	-12.738934516906738	5.341128826141357
-6.342345714569092	-10.830363273620605	3.5062508583068848
-4.394394397735596	-8.650863647460938	1.59835946559906
-3.39072585105896	-8.77338981628418	1.9209158420562744
-3.479694366455078	-12.010876655578613	1.210182785987854
-3.1258983612060547	-11.87332534790039	0.771038293838501
-2.283771514892578	-13.199061393737793	0.3863954246044159
-5.267971515655518	-13.36801528930664	1.360567331314087
-7.32501220703125	-13.716017723083496	-1.5115361213684082
-7.603381156921387	-10.749610900878906	-1.2630754709243774
-9.248284339904785	-8.4091157913208	-1.4862916469573975
-9.733148574829102	-7.484447002410889	-1.7235761880874634
-10.290977478027344	-7.220892906188965	0.0636187270283699
-12.075817108154297	-6.002359390258789	-0.55020672082901
-12.847084999084473	-6.247334003448486	-1.3720691204071045
-11.70842170715332	-8.6151704788208	1.9083129167556763
-11.940361976623535	-14.198325157165527	4.099897861480713
-9.257803916931152	-15.643589973449707	9.441524505615234
-6.124492645263672	-13.475621223449707	5.848737716674805
-3.649979829788208	-10.762520790100098	3.343656063079834
-1.2161873579025269	-10.679498672485352	2.9226977825164795
-0.8197650909423828	-12.896615982055664	1.0214526653289795
-2.7055342197418213	-12.349120140075684	-0.16994042694568634
-2.9570977687835693	-11.990171432495117	0.7377397418022156
-6.958996295928955	-14.015876770019531	0.10280702263116837
-9.62386703491211	-13.710625648498535	-0.4422377943992615
-9.529343605041504	-11.521415710449219	0.6722631454467773
-10.263866424560547	-8.630751609802246	-0.2247963845729828
-10.012436866760254	-5.977545738220215	-1.6105411052703857
-10.04077434539795	-5.042830467224121	-1.4821354150772095
-11.800540924072266	-5.87362813949585	-1.149753212928772
-11.079436302185059	-8.514509201049805	-0.13155660033226013
-9.25088882446289	-9.848855018615723	2.1593689918518066
-10.780027389526367	-12.267937660217285	1.9017527103424072
-7.91362190246582	-13.856298446655273	2.5669193267822266
-5.164178371429443	-12.927165985107422	2.3891453742980957
-1.8980848789215088	-12.09404182434082	0.8697560429573059
-0.42404183745384216	-10.526922225952148	-0.3778337836265564
-1.8403079509735107	-11.642926216125488	-0.23061907291412354
-2.709211587905884	-13.020923614501953	-0.8640577793121338
-5.169771194458008	-13.335838317871094	2.2861180305480957
-7.8179497718811035	-14.860273361206055	1.838967204093933
-8.91003131866455	-9.76253890991211	1.0913537740707397
-8.200035095214844	-6.873619079589844	-0.08916964381933212
-8.178353309631348	-6.8291730880737305	-0.594049334526062
-7.770458221435547	-6.499443531036377	0.4105098247528076
-10.775086402893066	-5.895358085632324	1.2327073812484741
-12.075002670288086	-7.228372573852539	0.9130048751831055
-12.652426719665527	-9.127864837646484	1.3030394315719604
-12.678064346313477	-12.20018196105957	-0.12328223139047623
-9.719050407409668	-13.914937973022461	0.9728982448577881
-6.369227409362793	-12.018088340759277	0.6497288942337036
-3.072009801864624	-10.577985763549805	-0.27723899483680725
-2.005000352859497	-10.363140106201172	-0.8583500385284424
-1.4182101488113403	-11.141264915466309	-0.6655210852622986
-2.64449143409729	-12.684892654418945	0.3831201493740082
-3.6173033714294434	-13.511811256408691	1.6380361318588257
-7.903709888458252	-14.044923782348633	2.7408053874969482
-8.506359100341797	-11.848339080810547	1.3199808597564697
-8.279685974121094	-8.072242736816406	0.11360008269548416
-8.477800369262695	-7.0128278732299805	-1.0619720220565796
-9.215387344360352	-7.033292770385742	-0.8900300860404968
-10.048972129821777	-9.351273536682129	1.2485569715499878
-13.661017417907715	-7.961898326873779	1.9980953931808472
-13.799325942993164	-4.751503944396973	2.9188382625579834
-10.256913185119629	-9.558209419250488	0.7453532814979553
-10.185662269592285	-13.16257381439209	-0.32068896293640137
-8.396408081054688	-12.527986526489258	1.1984798908233643
-6.84819221496582	-11.553316116333008	1.2981553077697754
-5.626527309417725	-10.497328758239746	0.4209485352039337
-2.4577245712280273	-9.905378341674805	0.07139509916305542
-1.841428518295288	-11.221805572509766	-1.3980413675308228
-3.374828338623047	-11.226966857910156	0.0035051112063229084
-3.1277658939361572	-12.836857795715332	1.2928880453109741
-7.278794288635254	-12.729568481445312	1.7482460737228394
-7.919626235961914	-10.755586624145508	0.7361212968826294
-7.2103681564331055	-7.843663692474365	0.6594685316085815
-8.182577133178711	-7.9343461990356445	-0.19531896710395813
-9.211394309997559	-9.189510345458984	0.09425493329763412
-12.893169403076172	-10.084052085876465	3.6022582054138184
-14.544861793518066	-4.279750347137451	3.855909585952759
-11.027587890625	-6.196232318878174	2.5570170879364014
-10.357603073120117	-10.350842475891113	-0.8619796633720398
-10.934012413024902	-11.677249908447266	-0.24881501495838165
-9.83602237701416	-10.813508033752441	2.8136754035949707
-7.89694881439209	-11.475658416748047	0.37135982513427734
-6.348598957061768	-10.834625244140625	-0.5411853790283203
-1.4282945394515991	-9.989509582519531	-0.36444538831710815
-0.4485776424407959	-11.320293426513672	-1.1640129089355469
-2.4784297943115234	-13.450031280517578	0.3721259832382202
-4.500965118408203	-13.016441345214844	2.8697476387023926
-7.703813076019287	-14.284860610961914	1.2704017162322998
-7.386045455932617	-11.772260665893555	1.2539583444595337
-8.945293426513672	-9.124934196472168	0.1708310842514038
-10.093944549560547	-9.646478652954102	0.4481754004955292
-10.958921432495117	-8.826645851135254	1.380659580230713
-13.936781883239746	-6.588440895080566	3.601233720779419
-16.274988174438477	-4.836536407470703	4.228724956512451
-10.493154525756836	-6.775428295135498	0.40501272678375244
-11.45712661743164	-10.850512504577637	-1.2950811386108398
-11.305132865905762	-13.510920524597168	1.4127801656723022
-8.795454025268555	-12.076650619506836	1.6286988258361816
-6.800327777862549	-11.916976928710938	0.3051457703113556
-3.0924274921417236	-10.210149765014648	-0.4036240875720978
-0.4463653862476349	-10.889211654663086	-1.4427651166915894
-3.163267135620117	-10.633070945739746	-0.7329800128936768
-3.007720708847046	-13.141897201538086	0.9969742894172668
-5.738643169403076	-12.829645156860352	2.4687860012054443
-7.912472724914551	-12.217103958129883	1.6341289281845093
-6.909761905670166	-9.82658863067627	0.9084367752075195
-8.328604698181152	-8.936894416809082	0.043871354311704636
-10.191801071166992	-9.964667320251465	0.36277902126312256
-11.56544017791748	-9.364575386047363	1.2088898420333862
-13.811641693115234	-6.671175003051758	2.367061138153076
-14.151494026184082	-3.840510368347168	3.6295809745788574
-10.033370971679688	-7.688911437988281	0.0204943660646677
-10.551121711730957	-10.286745071411133	-0.9790082573890686
-10.821571350097656	-11.754447937011719	2.018005609512329
-8.675676345825195	-12.100688934326172	2.1176042556762695
-7.346885681152344	-12.13723373413086	0.2689262926578522
-3.0919392108917236	-11.423999786376953	-0.4111323356628418
-0.8830869197845459	-11.85206413269043	-1.8972804546356201
-3.70521879196167	-12.463811874389648	-0.8908537030220032
-4.210356712341309	-12.481021881103516	1.8287677764892578
-6.948298931121826	-12.040632247924805	1.2652877569198608
-5.554825782775879	-10.649686813354492	0.2477615624666214
-6.107120037078857	-8.548056602478027	0.6778559684753418
-7.799581527709961	-9.447089195251465	0.5523040294647217
-9.68720817565918	-11.203503608703613	1.0799094438552856
-12.521790504455566	-10.129426956176758	2.531581163406372
-16.485889434814453	-5.619612693786621	5.13157844543457
-11.021927833557129	-6.175029277801514	1.8221598863601685
-10.326517105102539	-8.46866512298584	-1.6208075284957886
-11.896845817565918	-10.346590995788574	1.2324010133743286
-9.690157890319824	-11.393872261047363	2.474895715713501
-8.301223754882812	-12.272055625915527	0.20772093534469604
-5.659461975097656	-11.802485466003418	-0.4819432497024536
-2.338177442550659	-11.96860408782959	-1.1046558618545532
-1.063408613204956	-11.30274772644043	-1.1915463209152222
-2.7308263778686523	-11.521625518798828	0.4152599275112152
-2.7015597820281982	-13.58956527709961	1.085425615310669
-5.939679145812988	-14.16101360321045	2.9585437774658203
-7.269878387451172	-11.661486625671387	1.1919867992401123
-8.190478324890137	-9.458160400390625	0.4793574810028076
-10.771428108215332	-9.252488136291504	-0.08574114739894867
-11.070070266723633	-10.562251091003418	1.3293182849884033
-13.197921752929688	-9.159737586975098	2.2276992797851562
-16.135818481445312	-4.303586959838867	4.012136459350586
-10.186562538146973	-5.6413140296936035	1.7801368236541748
-10.094308853149414	-9.03660774230957	-1.2100294828414917
-11.792095184326172	-11.869963645935059	0.5882553458213806
-9.912569046020508	-12.291792869567871	2.11104416847229
-8.104612350463867	-12.881321907043457	-0.04403415694832802
-4.4499688148498535	-11.062590599060059	-1.1021755933761597
-0.9882498383522034	-10.925996780395508	-1.2399858236312866
-1.7882771492004395	-11.098139762878418	-0.7442327737808228
-2.4064793586730957	-12.348564147949219	0.6092764139175415
-5.746438503265381	-12.971526145935059	2.0884621143341064
-7.787178993225098	-12.949882507324219	1.0641556978225708
-8.015442848205566	-10.157228469848633	0.6488286852836609
-8.524554252624512	-9.24834156036377	-0.26956796646118164
-10.494072914123535	-10.282588958740234	-0.04163037985563278
-12.017254829406738	-9.803901672363281	1.6377105712890625
-15.2733793258667	-7.001794815063477	2.867966413497925
-13.12759017944336	-5.917576313018799	2.327930212020874
-9.217206954956055	-5.807624340057373	-0.82093346118927
-10.337214469909668	-9.453064918518066	-0.9345335364341736
-10.545299530029297	-12.502176284790039	1.201209306716919
-8.746861457824707	-11.96745491027832	2.0092427730560303
-7.294290065765381	-11.938600540161133	0.4428028166294098
-3.0942280292510986	-11.215579986572266	-0.4241184592247009
-1.0927519798278809	-11.133861541748047	-1.3821533918380737
-3.414217710494995	-11.374918937683105	-0.5316277146339417
-2.1601734161376953	-12.382829666137695	0.7273776531219482
-5.800758361816406	-12.332656860351562	1.9645382165908813
-7.462047100067139	-12.199396133422852	0.7940800786018372
-7.400142192840576	-9.632161140441895	0.7085879445075989
-8.613409042358398	-8.703794479370117	0.007144297938793898
-9.711475372314453	-9.952256202697754	0.3874967694282532
-11.038418769836426	-9.465112686157227	2.384136438369751
-14.605875015258789	-6.65408992767334	3.7663283348083496
-11.905235290527344	-5.101574897766113	2.139056444168091
-9.167542457580566	-8.051508903503418	-1.5618717670440674
-10.941875457763672	-9.84343433380127	-1.0476547479629517
-11.059450149536133	-11.681577682495117	2.735806465148926
-9.182989120483398	-12.633130073547363	1.435860276222229
-7.6014275550842285	-12.336450576782227	0.39707356691360474
-4.146613597869873	-10.392760276794434	-0.19899646937847137
-1.0986225605010986	-12.066575050354004	-2.5441746711730957
-2.2002618312835693	-12.271480560302734	-2.1054608821868896
-3.1610262393951416	-12.047852516174316	1.3980318307876587
-7.10953426361084	-12.674615859985352	1.6975847482681274
-6.765908718109131	-10.727651596069336	1.092953085899353
-7.416652679443359	-9.405075073242188	0.5664297938346863
-9.103204727172852	-10.266633987426758	-0.12052411586046219
-10.562355995178223	-10.864360809326172	1.3376213312149048
-13.381710052490234	-9.16455364227295	2.411957025527954
-17.200117111206055	-4.606022357940674	4.526755332946777
-9.90792465209961	-5.893059730529785	0.4362044036388397
-9.889451026916504	-7.5728888511657715	-1.4649546146392822
-10.893167495727539	-10.116095542907715	0.6432836651802063
-9.777192115783691	-10.895936012268066	2.6484756469726562
-7.692818641662598	-11.762128829956055	1.0233871936798096
-6.4298295974731445	-11.017474174499512	-0.018253393471240997
-4.989506721496582	-9.975958824157715	0.5928330421447754
-2.938518524169922	-12.681885719299316	-0.7759224772453308
-1.5083374977111816	-10.839613914489746	0.7088848352432251
-2.2368643283843994	-11.137481689453125	0.3684293329715729
-6.445315361022949	-11.85745620727539	0.8388133645057678
-6.931424617767334	-11.555183410644531	0.367873877286911
-7.824701309204102	-8.859063148498535	0.5491053462028503
-8.667268753051758	-9.372657775878906	-0.03255156800150871
-9.34296989440918	-10.236658096313477	0.6004562377929688
-11.856115341186523	-10.249031066894531	1.7855093479156494
-14.644316673278809	-6.869960308074951	1.7727818489074707
-12.351120948791504	-4.527464389801025	1.9525575637817383
-8.862004280090332	-7.179980754852295	-0.5966542363166809
-10.734662055969238	-10.414020538330078	-1.036430835723877
-9.496247291564941	-11.93770980834961	1.0988045930862427
-9.820603370666504	-12.360957145690918	1.3904565572738647
-10.823880195617676	-12.827433586120605	1.9605159759521484
-11.310486793518066	-11.691184043884277	5.824470043182373
-9.4705810546875	-11.186744689941406	3.643630027770996
-6.254651069641113	-8.179215431213379	3.127631902694702
-5.607670307159424	-2.7635791301727295	6.322138786315918
-5.797684192657471	-0.5514421463012695	4.969864845275879
-4.982017517089844	1.8840068578720093	4.754147052764893
-2.6421546936035156	2.3238887786865234	4.511652946472168
-4.66477632522583	3.967000722885132	6.375576972961426
-0.12221920490264893	2.466343641281128	5.374436855316162
-0.8814972043037415	2.5987815856933594	8.46440315246582
-0.4029249846935272	0.8763927817344666	8.23388957977295
-0.7104362845420837	2.0002691745758057	9.758124351501465
-2.2112557888031006	1.7797538042068481	11.926342010498047
